-------------------------------------------------------------------------------------------------
r-o middleware result worker: 8 
-------------------------------------------------------------------------------------------------
Clients           2           8          16          24          32          40          48          56          64
-------
TP              671        2630        3101        3180        3126        3155        3132        3219        3219
err              20          88         130         168         130         116         134         124         119
QL             0.40        2.81        3.61       11.60       19.55       27.55       35.55       43.57       51.62
err            0.09        0.24        0.08        0.08        0.09        0.10        0.10        0.15        0.12
QWT           43.14       72.18     2070.29     4542.02     7151.72     9625.83    12277.12    14425.31    16925.32
err            9.79       11.77       99.44      325.89      322.98      357.26      542.47      586.44      658.82
ST             2.44        2.44        2.56        2.51        2.55        2.53        2.54        2.47        2.48
err            0.09        0.09        0.12        0.16        0.11        0.09        0.11        0.10        0.10
MWT            2.51        2.53        4.65        7.06        9.71       12.16       14.83       16.92       19.42
err            0.09        0.08        0.21        0.49        0.43        0.45        0.65        0.68        0.75
REQ             671        2630        3101        3181        3126        3155        3132        3220        3219
err              20          88         130         168         130         114         134         124         119
GET             671        2630        3101        3181        3126        3155        3132        3220        3219
MUL               0           0           0           0           0           0           0           0           0
SET               0           0           0           0           0           0           0           0           0
EMPTY            12          47          56          56          54          56          61         126         124
-------------------------------------------------------------------------------------------------
r-o middleware result worker: 16 
-------------------------------------------------------------------------------------------------
Clients           2           8          16          24          32          40          48          56          64
-------
TP              663        2673        5576        7015        6867        6919        6874        6982        6753
err              21          95         202         220         247         230         310         247         267
QL             0.41        2.56        4.08        3.95        9.00       16.99       24.87       32.96       40.64
err            0.04        0.24        0.39        0.10        0.35        0.32        0.45        0.35        0.41
QWT           44.41       72.84       88.55      772.21     1858.31     3004.52     4191.36     5270.22     6616.20
err            7.61       10.58       11.39       31.27       67.40      100.38      191.72      199.90      261.49
ST             2.45        2.40        2.28        2.20        2.31        2.30        2.32        2.29        2.36
err            0.09        0.08        0.07        0.07        0.09        0.09        0.11        0.09        0.10
MWT            2.52        2.49        2.39        2.98        4.19        5.31        6.52        7.56        8.99
err            0.09        0.08        0.08        0.10        0.15        0.18        0.30        0.29        0.36
REQ             663        2673        5577        7016        6868        6919        6874        6983        6754
err              21          95         202         220         247         230         310         247         266
GET             663        2673        5577        7016        6868        6919        6874        6983        6754
MUL               0           0           0           0           0           0           0           0           0
SET               0           0           0           0           0           0           0           0           0
EMPTY            12          48         100         126         123         125         122         253         233
-------------------------------------------------------------------------------------------------
r-o middleware result worker: 32 
-------------------------------------------------------------------------------------------------
Clients           2           8          16          24          32          40          48          56          64
-------
TP              688        2734        5704        8658       11218       11357       11357       11553       11552
err              20          83         185         256         252         144         137         118         120
QL             0.38        2.42        3.76        4.56        5.26        5.72        8.92       13.65       19.31
err            0.05        0.21        0.41        0.40        0.37        0.19        0.36        0.33        0.39
QWT           45.63       79.27       92.20      106.10      110.41      473.06     1021.10     1607.05     2239.04
err           11.60       12.35       14.81       11.93       12.90       19.34       42.33       56.38       61.50
ST             2.38        2.34        2.23        2.20        2.27        2.55        2.68        2.69        2.74
err            0.07        0.08        0.06        0.06        0.06        0.05        0.07        0.06        0.05
MWT            2.45        2.43        2.34        2.32        2.39        3.05        3.72        4.31        4.99
err            0.07        0.08        0.07        0.06        0.06        0.07        0.10        0.10        0.10
REQ             687        2734        5705        8659       11219       11359       11358       11554       11554
err              20          83         185         256         253         140         137         119         120
GET             687        2734        5705        8659       11219       11359       11358       11554       11554
MUL               0           0           0           0           0           0           0           0           0
SET               0           0           0           0           0           0           0           0           0
EMPTY            12          49         103         159         206         210         211         428         431
-------------------------------------------------------------------------------------------------
r-o middleware result worker: 64 
-------------------------------------------------------------------------------------------------
Clients           2           8          16          24          32          40          48          56          64
-------
TP              688        2713        5697        8694       11230       11350       11352       11555       11562
err              19          75         158         247         292         103         109         117         124
QL             0.38        2.57        3.98        4.45        5.14        7.99       10.07       11.99       13.92
err            0.05        0.16        0.33        0.40        0.39        0.41        0.45        0.58        0.52
QWT           47.28       87.00      107.31      102.99      117.63      163.36      199.59      219.05      243.88
err           13.96        8.74       14.67       15.10       18.60       17.28       25.61       26.80       30.91
ST             2.36        2.35        2.22        2.20        2.26        2.81        3.45        4.01        4.64
err            0.08        0.07        0.06        0.06        0.05        0.08        0.07        0.09        0.10
MWT            2.43        2.46        2.35        2.31        2.39        2.98        3.66        4.24        4.89
err            0.08        0.08        0.07        0.07        0.06        0.08        0.07        0.08        0.10
REQ             688        2713        5698        8695       11231       11351       11353       11556       11563
err              19          75         159         247         292         103         109         117         124
GET             688        2713        5698        8695       11231       11351       11353       11556       11563
MUL               0           0           0           0           0           0           0           0           0
SET               0           0           0           0           0           0           0           0           0
EMPTY            12          48         103         156         207         210         211         429         430
-------------------------------------------------------------------------------------------------
w-o middleware result worker: 8 
-------------------------------------------------------------------------------------------------
Clients           2           8          16          24          32          40          48          56          64
-------
TP              667        2642        3130        3219        3123        3174        3136        3216        3170
err              23          94         123         135         128         117         135         131         140
QL             0.39        2.63        3.63       11.64       19.58       27.59       35.57       43.61       51.58
err            0.07        0.33        0.08        0.11        0.09        0.10        0.11        0.11        0.11
QWT           43.82       74.21     2049.87     4470.39     7180.31     9589.43    12254.05    14453.15    17188.51
err           11.96       15.54       94.83      201.81      317.15      375.33      552.35      611.09      776.07
ST             2.43        2.44        2.54        2.47        2.55        2.51        2.54        2.48        2.51
err            0.09        0.09        0.10        0.11        0.11        0.10        0.12        0.11        0.11
MWT            2.50        2.53        4.60        6.96        9.74       12.11       14.81       16.95       19.72
err            0.10        0.09        0.19        0.31        0.43        0.47        0.66        0.72        0.89
REQ             667        2642        3130        3219        3123        3174        3136        3217        3170
err              23          93         123         135         129         117         135         131         140
GET               0           0           0           0           0           0           0           0           0
MUL               0           0           0           0           0           0           0           0           0
SET             667        2642        3130        3219        3123        3174        3136        3217        3170
EMPTY             0           0           0           0           0           0           0           0           0
-------------------------------------------------------------------------------------------------
w-o middleware result worker: 16 
-------------------------------------------------------------------------------------------------
Clients           2           8          16          24          32          40          48          56          64
-------
TP              667        2639        5634        6948        6799        6841        6840        6918        6804
err              24          87         182         199         284         226         265         255         290
QL             0.38        2.58        3.86        3.91        8.90       16.82       24.78       32.86       40.61
err            0.05        0.25        0.40        0.10        0.36        0.31        0.37        0.40        0.40
QWT           44.05       75.95       89.08      790.06     1889.91     3035.29     4213.75     5312.64     6572.14
err            6.67       11.81       13.50       31.03       85.89      106.31      169.26      194.54      281.34
ST             2.46        2.42        2.26        2.21        2.34        2.33        2.33        2.30        2.34
err            0.10        0.08        0.07        0.06        0.11        0.09        0.10        0.09        0.11
MWT            2.52        2.52        2.37        3.02        4.24        5.38        6.56        7.62        8.92
err            0.10        0.09        0.07        0.09        0.19        0.19        0.27        0.28        0.38
REQ             667        2641        5635        6948        6801        6842        6840        6919        6804
err              24          86         181         199         285         227         265         255         289
GET               0           0           0           0           0           0           0           0           0
MUL               0           0           0           0           0           0           0           0           0
SET             667        2641        5635        6948        6801        6842        6840        6919        6804
EMPTY             0           0           0           0           0           0           0           0           0
-------------------------------------------------------------------------------------------------
w-o middleware result worker: 32 
-------------------------------------------------------------------------------------------------
Clients           2           8          16          24          32          40          48          56          64
-------
TP              686        2729        5612        8563       11458       13654       14104       13983       13794
err              21          85         161         299         351         622         555         635         487
QL             0.40        2.39        4.01        4.73        4.95        4.34        8.70       14.87       21.41
err            0.04        0.21        0.40        0.51        0.46        0.29        0.16        0.40        0.59
QWT           47.46       76.86       96.23      110.93      103.32      335.68      782.12     1285.90     1833.61
err           12.44       10.17       12.19       18.68       13.15       22.91       34.87       49.52       66.08
ST             2.38        2.36        2.26        2.21        2.22        2.16        2.19        2.21        2.27
err            0.08        0.08        0.07        0.06        0.06        0.07        0.08        0.07        0.08
MWT            2.45        2.45        2.38        2.34        2.34        2.51        2.98        3.51        4.11
err            0.08        0.08        0.07        0.08        0.06        0.09        0.11        0.11        0.13
REQ             686        2729        5613        8563       11459       13656       14105       13987       13800
err              21          85         160         299         351         622         555         633         482
GET               0           0           0           0           0           0           0           0           0
MUL               0           0           0           0           0           0           0           0           0
SET             686        2729        5613        8563       11459       13656       14105       13987       13800
EMPTY             0           0           0           0           0           0           0           0           0
-------------------------------------------------------------------------------------------------
w-o middleware result worker: 64 
-------------------------------------------------------------------------------------------------
Clients           2           8          16          24          32          40          48          56          64
-------
TP              686        2719        5538        8539       11547       14112       16330       17135       17176
err              25          83         167         223         350         578         974        1375        1378
QL             0.40        2.55        4.17        4.60        5.11        5.40        5.77        6.74        8.56
err            0.06        0.17        0.36        0.45        0.49        0.53        0.63        0.76        1.30
QWT           44.93       85.86      104.74      108.70      114.50      117.64      125.52      158.39      205.99
err            8.84       11.40       13.39       16.50       20.39       16.88       25.40       35.85       39.44
ST             2.37        2.36        2.28        2.22        2.21        2.25        2.29        2.44        2.60
err            0.08        0.08        0.06        0.05        0.06        0.07        0.08        0.12        0.12
MWT            2.44        2.46        2.39        2.35        2.35        2.37        2.44        2.61        2.82
err            0.09        0.08        0.07        0.06        0.07        0.08        0.09        0.15        0.15
REQ             685        2719        5538        8540       11548       14113       16333       17136       17181
err              25          83         167         223         350         578         976        1375        1377
GET               0           0           0           0           0           0           0           0           0
MUL               0           0           0           0           0           0           0           0           0
SET             685        2719        5538        8540       11548       14113       16333       17136       17181
EMPTY             0           0           0           0           0           0           0           0           0
-------------------------------------------------------------------------------------------------
read-only memtier worker: 8
-------------------------------------------------------------------------------------------------
Service Time (ms) with errors
           2           8          16          24          32          40          48          56          64
        2.98        3.04        5.17        7.57       10.25       12.68       15.36       17.42       19.92
        0.10        0.09        0.22        0.48        0.42        0.44        0.69        0.67        0.77
Troughput (req/sec) with errors
           2           8          16          24          32          40          48          56          64
      670.07     2629.21     3100.81     3181.26     3126.38     3157.26     3131.22     3219.98     3218.51
       21.41       81.53      131.02      167.37      126.43      110.44      142.46      121.18      120.20
-------------------------------------------------------------------------------------------------
read-only memtier worker: 16
-------------------------------------------------------------------------------------------------
Service Time (ms) with errors
           2           8          16          24          32          40          48          56          64
        3.01        2.99        2.87        3.42        4.66        5.78        7.00        8.03        9.50
        0.10        0.11        0.11        0.11        0.19        0.20        0.35        0.28        0.39
Troughput (req/sec) with errors
           2           8          16          24          32          40          48          56          64
      662.83     2672.31     5574.06     7016.03     6865.46     6920.15     6872.78     6982.12     6750.28
       20.75       97.77      207.26      213.67      268.77      231.73      329.89      236.30      270.10
-------------------------------------------------------------------------------------------------
read-only memtier worker: 32
-------------------------------------------------------------------------------------------------
Service Time (ms) with errors
           2           8          16          24          32          40          48          56          64
        2.90        2.92        2.80        2.77        2.85        3.52        4.23        4.85        5.54
        0.10        0.09        0.09        0.08        0.07        0.04        0.05        0.04        0.06
Troughput (req/sec) with errors
           2           8          16          24          32          40          48          56          64
      687.12     2732.97     5708.35     8658.87    11220.47    11356.81    11356.54    11556.35    11553.91
       23.22       86.65      180.91      254.21      262.39      127.23      131.36      109.23      122.16
-------------------------------------------------------------------------------------------------
read-only memtier worker: 64
-------------------------------------------------------------------------------------------------
Service Time (ms) with errors
           2           8          16          24          32          40          48          56          64
        2.90        2.95        2.81        2.76        2.85        3.52        4.23        4.84        5.54
        0.09        0.08        0.08        0.07        0.08        0.03        0.04        0.05        0.05
Troughput (req/sec) with errors
           2           8          16          24          32          40          48          56          64
      687.24     2712.83     5697.79     8693.24    11230.81    11344.97    11351.88    11559.34    11563.92
       20.85       73.51      154.15      227.60      296.00      110.58      111.11      116.30      117.14
-------------------------------------------------------------------------------------------------
write-only memtier worker: 8
-------------------------------------------------------------------------------------------------
Service Time (ms) with errors
           2           8          16          24          32          40          48          56          64
        3.00        3.03        5.12        7.47       10.27       12.61       15.33       17.45       20.24
        0.10        0.11        0.20        0.32        0.44        0.48        0.67        0.70        0.87
Troughput (req/sec) with errors
           2           8          16          24          32          40          48          56          64
      666.45     2640.78     3128.46     3219.42     3121.78     3175.50     3136.77     3217.78     3168.52
       22.36       91.95      123.28      137.61      130.77      118.99      134.14      125.13      138.66
-------------------------------------------------------------------------------------------------
write-only memtier worker: 16
-------------------------------------------------------------------------------------------------
Service Time (ms) with errors
           2           8          16          24          32          40          48          56          64
        2.99        3.03        2.84        3.46        4.72        5.85        7.03        8.11        9.43
        0.11        0.10        0.09        0.10        0.20        0.20        0.27        0.29        0.39
Troughput (req/sec) with errors
           2           8          16          24          32          40          48          56          64
      667.26     2637.21     5635.44     6946.06     6795.35     6843.06     6834.18     6915.43     6796.65
       23.71       86.55      176.01      199.13      288.29      232.37      263.21      244.91      288.33
-------------------------------------------------------------------------------------------------
write-only memtier worker: 32
-------------------------------------------------------------------------------------------------
Service Time (ms) with errors
           2           8          16          24          32          40          48          56          64
        2.91        2.93        2.85        2.81        2.79        2.93        3.40        4.01        4.64
        0.09        0.09        0.08        0.11        0.09        0.14        0.13        0.19        0.17
Troughput (req/sec) with errors
           2           8          16          24          32          40          48          56          64
      685.49     2727.59     5611.13     8562.01    11463.64    13657.56    14120.63    13993.46    13796.59
       20.87       88.32      164.42      317.48      368.35      640.52      512.54      629.78      477.64
-------------------------------------------------------------------------------------------------
write-only memtier worker: 64
-------------------------------------------------------------------------------------------------
Service Time (ms) with errors
           2           8          16          24          32          40          48          56          64
        2.91        2.94        2.89        2.81        2.77        2.84        2.95        3.29        3.76
        0.10        0.09        0.09        0.07        0.09        0.12        0.20        0.29        0.32
Troughput (req/sec) with errors
           2           8          16          24          32          40          48          56          64
      685.15     2718.40     5541.71     8539.29    11548.62    14119.49    16342.51    17149.57    17185.67
       23.95       84.19      164.33      218.02      365.91      593.35     1005.97     1350.26     1382.07
