-------------------------------------------------------------------------------------------------
read-only data
-------------------------------------------------------------------------------------------------
Service Time (ms) with errors
           6          24          48          72          96         120         144         168         192
        2.11        2.20        4.37        6.60        8.70       11.35       13.18       15.10       17.27
        0.20        0.17        0.51        0.93        0.84        2.58        1.79        0.34        0.56
Troughput (req/sec) with errors
           6          24          48          72          96         120         144         168         192
     2851.15    10938.88    11124.40    11126.75    11129.85    11121.89    11163.55    11129.71    11128.12
       86.32      279.87      405.18      547.30      340.11      817.21      526.92       85.27      120.26
