-------------------------------------------------------------------------------------------------
write-only data
-------------------------------------------------------------------------------------------------
Service Time (ms) with errors
           6          24          48          72          96         120         144         168         192
        2.12        2.20        2.58        2.94        3.79        4.39        4.83        5.29        5.66
        0.20        0.17        0.50        0.24        0.32        0.36        0.33        0.46        0.51
Troughput (req/sec) with errors
           6          24          48          72          96         120         144         168         192
     2853.80    10992.60    20083.43    24711.45    25575.52    27556.95    29996.19    32014.00    34216.55
       88.53      278.03      477.48      669.16      738.30      784.32      725.61      975.62     1083.36
