-------------------------------------------------------------------------------------------------
r-o middleware 1 result worker: 8 
-------------------------------------------------------------------------------------------------
Clients           2           8          16          24          32          40          48          56          64
-------
TP              227         944        1871        2762        3544        3839        3824        3878        3879
err               5          20          31          70         124         111          76          62          59
QL             0.00        0.94        2.25        1.73        2.28        3.03        5.25        9.03       13.44
err            0.00        0.12        0.23        0.12        0.12        0.18        0.29        0.47        0.35
QWT            0.04        0.06        0.07        0.15        0.24        0.97        1.87        2.88        3.96
err            0.01        0.02        0.01        0.02        0.05        0.06        0.09        0.08        0.10
ST             1.95        1.90        1.90        1.90        1.97        1.95        2.04        2.03        2.03
err            0.05        0.04        0.04        0.05        0.05        0.06        0.05        0.05        0.05
MWT            2.02        1.97        2.00        2.05        2.23        2.94        3.92        4.93        6.02
err            0.05        0.06        0.04        0.06        0.09        0.11        0.13        0.11        0.13
REQ             227         944        1871        2762        3545        3840        3825        3878        3880
err               5          20          31          70         124         110          76          62          59
GET             227         944        1871        2762        3545        3840        3825        3878        3880
MUL               0           0           0           0           0           0           0           0           0
SET               0           0           0           0           0           0           0           0           0
EMPTY             0           0           0           0           0           0           0           0           0
-------------------------------------------------------------------------------------------------
r-o middleware 2 result worker: 8 
-------------------------------------------------------------------------------------------------
Clients           2           8          16          24          32          40          48          56          64
-------
TP              228         946        1879        2761        3572        3867        3834        3902        3894
err               5          16          26          66         109         116          67          63          62
QL             0.00        1.00        2.10        1.76        2.33        2.85        4.85        8.53       12.89
err            0.00        0.12        0.28        0.12        0.11        0.18        0.21        0.29        0.29
QWT            0.04        0.07        0.07        0.14        0.23        0.94        1.85        2.83        3.91
err            0.01        0.01        0.01        0.03        0.05        0.06        0.07        0.08        0.09
ST             1.94        1.88        1.88        1.88        1.96        1.94        2.03        2.02        2.04
err            0.05        0.05        0.05        0.05        0.05        0.05        0.05        0.04        0.05
MWT            2.00        1.98        1.98        2.03        2.20        2.90        3.90        4.87        5.95
err            0.05        0.05        0.06        0.06        0.09        0.11        0.11        0.11        0.12
REQ             228         946        1879        2761        3572        3868        3834        3903        3895
err               5          16          26          66         109         116          67          63          62
GET             228         946        1879        2761        3572        3868        3834        3903        3895
MUL               0           0           0           0           0           0           0           0           0
SET               0           0           0           0           0           0           0           0           0
EMPTY             0           0           0           0           0           0           0           0           0
-------------------------------------------------------------------------------------------------
r-o merged middleware result worker: 8 
-------------------------------------------------------------------------------------------------
Clients           2           8          16          24          32          40          48          56          64
-------
TP              458        1872        3727        5359        7166        7607        7616        7672        7729
err               5          18          34         153          95          93          71          65          61
QL             0.00        0.99        2.06        1.74        2.31        3.22        5.41        9.17       13.26
err            0.00        0.12        0.33        0.19        0.14        0.19        0.35        0.41        0.37
QWT            0.04        0.06        0.07        0.15        0.21        1.00        1.92        2.92        3.93
err            0.02        0.01        0.02        0.04        0.04        0.05        0.07        0.08        0.10
ST             1.98        1.95        1.96        1.94        1.98        1.99        2.06        2.05        2.05
err            0.06        0.05        0.05        0.06        0.04        0.05        0.05        0.04        0.04
MWT            2.05        2.03        2.05        2.11        2.20        3.01        3.99        4.98        5.99
err            0.07        0.06        0.06        0.08        0.07        0.09        0.11        0.11        0.13
REQ             458        1872        3726        5359        7167        7608        7618        7673        7730
err               5          18          34         153          95          93          71          65          61
GET             458        1872        3726        5359        7167        7608        7618        7673        7730
MUL               0           0           0           0           0           0           0           0           0
SET               0           0           0           0           0           0           0           0           0
EMPTY             0           0           0           0           0           0           0           0           0
-------------------------------------------------------------------------------------------------
r-o middleware 1 result worker: 16 
-------------------------------------------------------------------------------------------------
Clients           2           8          16          24          32          40          48          56          64
-------
TP              229         944        1869        2761        3637        4518        5399        5566        5553
err               4          20          39          64          91         137         147          89          77
QL             0.00        1.01        1.88        2.84        3.68        3.32        3.20        4.36        5.34
err            0.00        0.12        0.22        0.28        0.41        0.22        0.23        0.15        0.18
QWT            0.05        0.06        0.08        0.10        0.12        0.16        0.19        0.41        0.80
err            0.01        0.01        0.02        0.02        0.02        0.02        0.03        0.03        0.05
ST             1.93        1.91        1.90        1.94        1.95        1.94        1.91        2.27        2.62
err            0.05        0.05        0.06        0.06        0.06        0.06        0.07        0.06        0.07
MWT            2.02        1.99        1.99        2.06        2.09        2.12        2.13        2.70        3.45
err            0.06        0.08        0.08        0.08        0.07        0.09        0.09        0.09        0.11
REQ             229         944        1869        2761        3638        4518        5400        5567        5554
err               4          20          39          64          91         137         147          89          77
GET             229         944        1869        2761        3638        4518        5400        5567        5554
MUL               0           0           0           0           0           0           0           0           0
SET               0           0           0           0           0           0           0           0           0
EMPTY             0           0           0           0           0           0           0           0           0
-------------------------------------------------------------------------------------------------
r-o middleware 2 result worker: 16 
-------------------------------------------------------------------------------------------------
Clients           2           8          16          24          32          40          48          56          64
-------
TP              229         940        1872        2770        3649        4527        5413        5556        5570
err               5          22          41          70          89         123         163          87          64
QL             0.00        1.08        2.02        3.14        3.98        3.69        3.32        4.45        5.31
err            0.00        0.11        0.25        0.37        0.54        0.22        0.17        0.18        0.21
QWT            0.04        0.07        0.07        0.09        0.11        0.17        0.18        0.41        0.78
err            0.03        0.01        0.01        0.02        0.02        0.03        0.03        0.03        0.05
ST             1.92        1.89        1.87        1.92        1.95        1.92        1.91        2.26        2.61
err            0.05        0.06        0.05        0.06        0.06        0.05        0.06        0.07        0.06
MWT            1.99        1.98        1.97        2.02        2.07        2.11        2.10        2.69        3.40
err            0.07        0.07        0.06        0.06        0.07        0.08        0.08        0.08        0.11
REQ             229         940        1872        2770        3649        4527        5416        5557        5571
err               5          23          41          70          89         123         162          87          64
GET             229         940        1872        2770        3649        4527        5416        5557        5571
MUL               0           0           0           0           0           0           0           0           0
SET               0           0           0           0           0           0           0           0           0
EMPTY             0           0           0           0           0           0           0           0           0
-------------------------------------------------------------------------------------------------
r-o merged middleware result worker: 16 
-------------------------------------------------------------------------------------------------
Clients           2           8          16          24          32          40          48          56          64
-------
TP              457        1867        3701        5488        7341        9067       10793       11123       11126
err               5          19          40          60          90         122         184          76          67
QL             0.00        1.02        2.05        3.12        3.71        3.50        3.45        4.33        5.37
err            0.00        0.12        0.23        0.35        0.42        0.27        0.23        0.19        0.20
QWT            0.05        0.06        0.08        0.10        0.11        0.16        0.20        0.40        0.77
err            0.02        0.01        0.01        0.02        0.02        0.03        0.04        0.03        0.05
ST             1.97        1.95        1.96        1.97        1.95        1.95        1.95        2.27        2.60
err            0.06        0.05        0.06        0.06        0.06        0.06        0.08        0.07        0.06
MWT            2.04        2.03        2.06        2.09        2.08        2.13        2.17        2.69        3.39
err            0.07        0.06        0.06        0.06        0.06        0.07        0.11        0.09        0.10
REQ             457        1867        3701        5489        7341        9068       10796       11128       11127
err               5          19          40          60          91         122         184          72          67
GET             457        1867        3701        5489        7341        9068       10796       11128       11127
MUL               0           0           0           0           0           0           0           0           0
SET               0           0           0           0           0           0           0           0           0
EMPTY             0           0           0           0           0           0           0           0           0
-------------------------------------------------------------------------------------------------
r-o middleware 1 result worker: 32 
-------------------------------------------------------------------------------------------------
Clients           2           8          16          24          32          40          48          56          64
-------
TP              232         942        1882        2715        3651        4489        5399        5565        5540
err               5          22          35          75          86         109         130          90          95
QL             0.00        0.88        2.06        2.96        3.44        4.69        4.94        6.65        8.45
err            0.00        0.12        0.22        0.30        0.37        0.43        0.42        0.48        0.39
QWT            0.05        0.06        0.09        0.11        0.13        0.16        0.17        0.21        0.25
err            0.01        0.02        0.02        0.03        0.02        0.03        0.03        0.03        0.03
ST             1.92        1.90        1.88        2.01        1.94        1.97        1.94        2.41        3.11
err            0.04        0.05        0.05        0.08        0.05        0.07        0.06        0.10        0.11
MWT            2.02        1.99        2.00        2.14        2.08        2.15        2.13        2.64        3.37
err            0.05        0.05        0.05        0.09        0.06        0.08        0.07        0.10        0.12
REQ             232         942        1881        2715        3652        4490        5400        5567        5540
err               5          22          35          75          86         109         130          90          95
GET             232         942        1881        2715        3652        4490        5400        5567        5540
MUL               0           0           0           0           0           0           0           0           0
SET               0           0           0           0           0           0           0           0           0
EMPTY             0           0           0           0           0           0           0           0           0
-------------------------------------------------------------------------------------------------
r-o middleware 2 result worker: 32 
-------------------------------------------------------------------------------------------------
Clients           2           8          16          24          32          40          48          56          64
-------
TP              231         940        1887        2722        3661        4509        5415        5571        5612
err               5          21          36          78          99         106         134          69          88
QL             0.00        1.03        1.99        3.21        3.48        4.96        5.33        7.16        8.75
err            0.00        0.10        0.24        0.33        0.33        0.45        0.43        0.53        0.44
QWT            0.04        0.07        0.08        0.12        0.11        0.13        0.15        0.18        0.21
err            0.03        0.02        0.02        0.03        0.03        0.03        0.03        0.02        0.04
ST             1.93        1.89        1.86        1.98        1.92        1.95        1.94        2.41        3.03
err            0.04        0.05        0.05        0.08        0.04        0.06        0.06        0.10        0.12
MWT            2.00        1.98        1.96        2.11        2.05        2.11        2.10        2.61        3.25
err            0.06        0.06        0.06        0.09        0.07        0.06        0.07        0.11        0.12
REQ             231         940        1887        2723        3662        4510        5416        5572        5612
err               5          21          36          78          99         106         134          69          88
GET             231         940        1887        2723        3662        4510        5416        5572        5612
MUL               0           0           0           0           0           0           0           0           0
SET               0           0           0           0           0           0           0           0           0
EMPTY             0           0           0           0           0           0           0           0           0
-------------------------------------------------------------------------------------------------
r-o merged middleware result worker: 32 
-------------------------------------------------------------------------------------------------
Clients           2           8          16          24          32          40          48          56          64
-------
TP              454        1873        3713        5492        7321        9060       10758       11129       11147
err               5          19          37          65         102         109         158          71          83
QL             0.00        0.95        2.10        2.99        3.70        4.62        5.18        6.87        8.57
err            0.00        0.11        0.23        0.33        0.37        0.45        0.49        0.47        0.49
QWT            0.05        0.06        0.09        0.11        0.12        0.15        0.16        0.20        0.22
err            0.02        0.02        0.02        0.03        0.03        0.03        0.03        0.03        0.03
ST             1.97        1.95        1.95        1.98        1.96        1.95        1.96        2.43        3.04
err            0.07        0.05        0.06        0.06        0.11        0.06        0.07        0.09        0.11
MWT            2.05        2.03        2.06        2.11        2.10        2.12        2.13        2.64        3.28
err            0.08        0.06        0.06        0.07        0.11        0.06        0.08        0.09        0.11
REQ             454        1873        3713        5493        7322        9062       10759       11130       11149
err               5          19          37          65         102         109         158          71          83
GET             454        1873        3713        5493        7322        9062       10759       11130       11149
MUL               0           0           0           0           0           0           0           0           0
SET               0           0           0           0           0           0           0           0           0
EMPTY             0           0           0           0           0           0           0           0           0
-------------------------------------------------------------------------------------------------
r-o middleware 1 result worker: 64 
-------------------------------------------------------------------------------------------------
Clients           2           8          16          24          32          40          48          56          64
-------
TP              223         951        1865        2742        3650        4521        5450        5587        5501
err              16          17          38          67          88         137         129          57          84
QL             0.00        0.90        2.05        2.91        3.55        4.41        5.04        6.72        8.80
err            0.00        0.11        0.21        0.28        0.33        0.47        0.57        0.42        0.52
QWT            0.04        0.06        0.10        0.12        0.13        0.17        0.17        0.21        0.27
err            0.02        0.01        0.03        0.02        0.03        0.05        0.03        0.03        0.04
ST             1.97        1.88        1.91        1.95        1.92        1.95        1.93        2.48        3.14
err            0.06        0.05        0.03        0.07        0.05        0.08        0.05        0.08        0.08
MWT            2.04        1.96        2.02        2.10        2.07        2.13        2.13        2.70        3.42
err            0.06        0.06        0.05        0.08        0.08        0.10        0.06        0.08        0.10
REQ             223         951        1865        2742        3651        4522        5450        5588        5501
err              16          17          38          67          89         138         129          57          85
GET             223         951        1865        2742        3651        4522        5450        5588        5501
MUL               0           0           0           0           0           0           0           0           0
SET               0           0           0           0           0           0           0           0           0
EMPTY             0           0           0           0           0           0           0           0           0
-------------------------------------------------------------------------------------------------
r-o middleware 2 result worker: 64 
-------------------------------------------------------------------------------------------------
Clients           2           8          16          24          32          40          48          56          64
-------
TP              216         949        1867        2750        3667        4550        5463        5554        5629
err              38          19          38          65          82         129         136          59          85
QL             0.00        1.03        2.11        3.23        3.75        4.55        5.46        7.29        9.16
err            0.00        0.10        0.24        0.27        0.33        0.45        0.53        0.40        0.50
QWT            0.04        0.07        0.09        0.12        0.13        0.14        0.15        0.19        0.22
err            0.01        0.02        0.01        0.02        0.03        0.04        0.03        0.03        0.03
ST             1.95        1.84        1.89        1.93        1.91        1.94        1.90        2.49        3.02
err            0.06        0.05        0.04        0.06        0.05        0.08        0.06        0.08        0.08
MWT            2.02        1.95        2.00        2.07        2.04        2.08        2.08        2.69        3.25
err            0.05        0.06        0.05        0.07        0.06        0.09        0.07        0.08        0.09
REQ             216         949        1867        2750        3667        4550        5463        5554        5630
err              38          19          38          65          82         129         136          58          84
GET             216         949        1867        2750        3667        4550        5463        5554        5630
MUL               0           0           0           0           0           0           0           0           0
SET               0           0           0           0           0           0           0           0           0
EMPTY             0           0           0           0           0           0           0           0           0
-------------------------------------------------------------------------------------------------
r-o merged middleware result worker: 64 
-------------------------------------------------------------------------------------------------
Clients           2           8          16          24          32          40          48          56          64
-------
TP              450        1888        3636        5510        7350        9074       10825       11140       11144
err              17          20         113          67          88         128         135          66          88
QL             0.00        0.95        2.07        3.15        3.71        4.51        5.11        6.92        8.77
err            0.00        0.10        0.24        0.30        0.37        0.44        0.50        0.42        0.45
QWT            0.04        0.06        0.09        0.12        0.13        0.15        0.16        0.21        0.25
err            0.01        0.02        0.02        0.03        0.03        0.04        0.03        0.03        0.04
ST             2.00        1.92        1.94        1.95        1.94        1.96        1.94        2.45        3.02
err            0.06        0.06        0.06        0.06        0.05        0.07        0.06        0.08        0.11
MWT            2.06        2.01        2.06        2.10        2.09        2.12        2.13        2.67        3.29
err            0.07        0.06        0.07        0.07        0.06        0.08        0.07        0.08        0.11
REQ             450        1888        3636        5511        7351        9075       10826       11142       11145
err              17          20         113          67          88         128         135          65          88
GET             450        1888        3636        5511        7351        9075       10826       11142       11145
MUL               0           0           0           0           0           0           0           0           0
SET               0           0           0           0           0           0           0           0           0
EMPTY             0           0           0           0           0           0           0           0           0
-------------------------------------------------------------------------------------------------
w-o middleware 1 result worker: 8 
-------------------------------------------------------------------------------------------------
Clients           2           8          16          24          32          40          48          56          64
-------
TP              222         927        1859        2702        3546        3811        3794        3836        3835
err              11          41          42         204          89          87          73          74          61
QL             0.00        0.94        2.04        1.74        2.32        3.30        5.85        9.48       13.66
err            0.00        0.11        0.31        0.25        0.13        0.25        0.49        0.43        0.55
QWT            0.04        0.06        0.07        0.15        0.22        0.99        1.95        2.94        4.00
err            0.02        0.01        0.02        0.05        0.04        0.05        0.08        0.10        0.11
ST             2.00        1.98        1.99        1.96        1.98        1.99        2.07        2.06        2.06
err            0.06        0.06        0.06        0.07        0.05        0.04        0.05        0.05        0.04
MWT            2.07        2.05        2.08        2.11        2.22        3.00        4.03        5.01        6.08
err            0.07        0.06        0.06        0.10        0.08        0.09        0.12        0.14        0.14
REQ             222         927        1859        2703        3547        3812        3794        3837        3836
err              11          41          42         204          89          87          73          74          61
GET               0           0           0           0           0           0           0           0           0
MUL               0           0           0           0           0           0           0           0           0
SET             222         927        1859        2703        3547        3812        3794        3837        3836
EMPTY             0           0           0           0           0           0           0           0           0
-------------------------------------------------------------------------------------------------
w-o middleware 2 result worker: 8 
-------------------------------------------------------------------------------------------------
Clients           2           8          16          24          32          40          48          56          64
-------
TP              222         926        1859        2720        3566        3826        3814        3860        3849
err              11          44          41         204          90          87          74          69          67
QL             0.00        0.92        2.10        1.82        2.33        3.04        5.17        9.00       12.99
err            0.00        0.12        0.43        0.23        0.11        0.20        0.35        0.33        0.41
QWT            0.04        0.06        0.08        0.14        0.21        0.97        1.91        2.89        3.95
err            0.02        0.03        0.03        0.05        0.04        0.05        0.08        0.09        0.10
ST             1.98        1.95        1.96        1.93        1.97        1.97        2.06        2.05        2.05
err            0.06        0.06        0.06        0.08        0.05        0.04        0.05        0.04        0.05
MWT            2.06        2.04        2.06        2.09        2.18        2.95        3.98        4.95        6.02
err            0.07        0.07        0.07        0.10        0.08        0.09        0.11        0.12        0.13
REQ             222         926        1859        2720        3567        3827        3814        3861        3850
err              11          43          41         204          90          87          74          69          67
GET               0           0           0           0           0           0           0           0           0
MUL               0           0           0           0           0           0           0           0           0
SET             222         926        1859        2720        3567        3827        3814        3861        3850
EMPTY             0           0           0           0           0           0           0           0           0
-------------------------------------------------------------------------------------------------
w-o merged middleware result worker: 8 
-------------------------------------------------------------------------------------------------
Clients           2           8          16          24          32          40          48          56          64
-------
TP              445        1853        3719        5422        7113        7638        7608        7697        7684
err              11          43          42         204          89          87          74          72          64
QL             0.00        0.93        2.07        1.78        2.33        3.17        5.51        9.24       13.32
err            0.00        0.12        0.37        0.24        0.12        0.22        0.42        0.38        0.49
QWT            0.04        0.06        0.07        0.15        0.21        0.98        1.93        2.92        3.97
err            0.02        0.02        0.02        0.05        0.04        0.05        0.08        0.09        0.11
ST             1.99        1.96        1.98        1.94        1.98        1.98        2.07        2.05        2.06
err            0.06        0.06        0.06        0.08        0.05        0.04        0.05        0.05        0.05
MWT            2.07        2.04        2.07        2.10        2.20        2.97        4.01        4.98        6.05
err            0.07        0.07        0.07        0.10        0.08        0.09        0.12        0.13        0.14
REQ             445        1853        3719        5423        7114        7639        7609        7698        7686
err              11          42          42         204          89          87          74          71          64
GET               0           0           0           0           0           0           0           0           0
MUL               0           0           0           0           0           0           0           0           0
SET             445        1853        3719        5423        7114        7639        7609        7698        7686
EMPTY             0           0           0           0           0           0           0           0           0
-------------------------------------------------------------------------------------------------
w-o middleware 1 result worker: 16 
-------------------------------------------------------------------------------------------------
Clients           2           8          16          24          32          40          48          56          64
-------
TP              228         916        1858        2732        3647        4527        5363        6211        6887
err               5          41          44          62          96         114         156         209         242
QL             0.00        0.97        1.88        2.98        3.41        3.27        3.33        3.74        4.45
err            0.00        0.12        0.24        0.33        0.38        0.24        0.22        0.24        0.34
QWT            0.04        0.06        0.08        0.10        0.11        0.16        0.20        0.23        0.28
err            0.02        0.02        0.02        0.02        0.03        0.03        0.03        0.05        0.04
ST             1.99        1.98        1.97        2.00        1.98        1.98        1.96        1.97        1.98
err            0.06        0.07        0.07        0.06        0.07        0.06        0.05        0.06        0.05
MWT            2.06        2.07        2.07        2.12        2.11        2.16        2.17        2.23        2.28
err            0.07        0.09        0.08        0.07        0.08        0.07        0.07        0.10        0.09
REQ             228         916        1858        2732        3648        4529        5364        6212        6889
err               5          41          44          62          94         111         156         209         241
GET               0           0           0           0           0           0           0           0           0
MUL               0           0           0           0           0           0           0           0           0
SET             228         916        1858        2732        3648        4529        5364        6212        6889
EMPTY             0           0           0           0           0           0           0           0           0
-------------------------------------------------------------------------------------------------
w-o middleware 2 result worker: 16 
-------------------------------------------------------------------------------------------------
Clients           2           8          16          24          32          40          48          56          64
-------
TP              229         917        1859        2739        3661        4542        5395        6243        6928
err               5          40          42          60          97         111         151         224         254
QL             0.00        1.01        2.09        3.16        3.53        3.34        3.38        3.73        4.36
err            0.00        0.13        0.26        0.37        0.43        0.25        0.22        0.22        0.34
QWT            0.04        0.07        0.08        0.09        0.10        0.14        0.18        0.21        0.25
err            0.02        0.01        0.02        0.02        0.04        0.02        0.03        0.04        0.04
ST             1.99        1.96        1.95        1.98        1.96        1.97        1.94        1.96        1.96
err            0.06        0.07        0.07        0.06        0.06        0.06        0.05        0.06        0.06
MWT            2.05        2.04        2.04        2.09        2.08        2.12        2.14        2.18        2.23
err            0.08        0.08        0.08        0.06        0.08        0.07        0.08        0.10        0.09
REQ             229         917        1859        2739        3662        4543        5395        6244        6929
err               5          40          42          60          97         111         151         224         253
GET               0           0           0           0           0           0           0           0           0
MUL               0           0           0           0           0           0           0           0           0
SET             229         917        1859        2739        3662        4543        5395        6244        6929
EMPTY             0           0           0           0           0           0           0           0           0
-------------------------------------------------------------------------------------------------
w-o merged middleware result worker: 16 
-------------------------------------------------------------------------------------------------
Clients           2           8          16          24          32          40          48          56          64
-------
TP              457        1833        3718        5471        7309        9069       10758       12454       13816
err               5          41          43          61          97         113         154         217         248
QL             0.00        0.99        1.99        3.07        3.47        3.31        3.36        3.74        4.41
err            0.00        0.12        0.25        0.35        0.41        0.25        0.22        0.23        0.34
QWT            0.04        0.07        0.08        0.10        0.11        0.15        0.19        0.22        0.27
err            0.02        0.01        0.02        0.02        0.03        0.03        0.03        0.04        0.04
ST             1.99        1.97        1.96        1.99        1.97        1.97        1.95        1.97        1.97
err            0.06        0.07        0.07        0.06        0.06        0.06        0.05        0.06        0.05
MWT            2.06        2.06        2.05        2.11        2.09        2.14        2.16        2.21        2.25
err            0.07        0.08        0.08        0.07        0.08        0.07        0.08        0.10        0.09
REQ             457        1833        3718        5471        7311        9073       10760       12456       13819
err               5          40          43          61          96         111         154         216         247
GET               0           0           0           0           0           0           0           0           0
MUL               0           0           0           0           0           0           0           0           0
SET             457        1833        3718        5471        7311        9073       10760       12456       13819
EMPTY             0           0           0           0           0           0           0           0           0
-------------------------------------------------------------------------------------------------
w-o middleware 1 result worker: 32 
-------------------------------------------------------------------------------------------------
Clients           2           8          16          24          32          40          48          56          64
-------
TP              225         939        1845        2748        3653        4530        5397        6272        7051
err               6          25          42          59          99         109         148         162         242
QL             0.00        0.93        2.06        3.05        3.54        4.30        4.80        5.30        5.74
err            0.00        0.10        0.21        0.32        0.39        0.48        0.46        0.56        0.60
QWT            0.04        0.06        0.09        0.11        0.13        0.15        0.17        0.18        0.19
err            0.02        0.02        0.02        0.02        0.03        0.03        0.03        0.03        0.03
ST             2.01        1.97        1.98        1.97        1.97        1.97        1.97        1.97        1.96
err            0.07        0.07        0.05        0.06        0.06        0.06        0.08        0.06        0.07
MWT            2.09        2.05        2.09        2.10        2.12        2.14        2.16        2.17        2.17
err            0.08        0.08        0.07        0.06        0.07        0.07        0.09        0.07        0.08
REQ             225         939        1845        2749        3654        4531        5398        6272        7052
err               6          25          42          59          99         109         148         162         242
GET               0           0           0           0           0           0           0           0           0
MUL               0           0           0           0           0           0           0           0           0
SET             225         939        1845        2749        3654        4531        5398        6272        7052
EMPTY             0           0           0           0           0           0           0           0           0
-------------------------------------------------------------------------------------------------
w-o middleware 2 result worker: 32 
-------------------------------------------------------------------------------------------------
Clients           2           8          16          24          32          40          48          56          64
-------
TP              225         940        1853        2755        3673        4539        5406        6272        7054
err               5          24          41          65          88         108         158         170         242
QL             0.00        0.98        2.12        3.13        3.66        4.53        5.18        5.68        6.04
err            0.00        0.12        0.24        0.32        0.38        0.44        0.49        0.54        0.63
QWT            0.05        0.07        0.09        0.11        0.11        0.13        0.15        0.16        0.16
err            0.02        0.02        0.02        0.02        0.03        0.02        0.03        0.04        0.03
ST             2.00        1.95        1.95        1.95        1.95        1.95        1.96        1.96        1.96
err            0.07        0.07        0.06        0.07        0.07        0.07        0.08        0.06        0.06
MWT            2.07        2.04        2.05        2.08        2.09        2.10        2.12        2.14        2.14
err            0.07        0.08        0.07        0.07        0.07        0.07        0.10        0.08        0.08
REQ             225         940        1853        2755        3674        4540        5408        6272        7056
err               5          24          40          65          88         108         158         170         242
GET               0           0           0           0           0           0           0           0           0
MUL               0           0           0           0           0           0           0           0           0
SET             225         940        1853        2755        3674        4540        5408        6272        7056
EMPTY             0           0           0           0           0           0           0           0           0
-------------------------------------------------------------------------------------------------
w-o merged middleware result worker: 32 
-------------------------------------------------------------------------------------------------
Clients           2           8          16          24          32          40          48          56          64
-------
TP              450        1880        3699        5504        7327        9070       10804       12544       14105
err               5          24          41          62          94         109         153         166         242
QL             0.00        0.96        2.09        3.09        3.60        4.42        4.99        5.49        5.89
err            0.00        0.11        0.23        0.32        0.39        0.46        0.48        0.55        0.61
QWT            0.05        0.07        0.09        0.11        0.12        0.14        0.16        0.17        0.18
err            0.02        0.02        0.02        0.02        0.03        0.03        0.03        0.03        0.03
ST             2.00        1.96        1.96        1.96        1.96        1.96        1.97        1.97        1.96
err            0.07        0.07        0.06        0.06        0.06        0.06        0.08        0.06        0.07
MWT            2.08        2.04        2.07        2.09        2.10        2.12        2.14        2.16        2.15
err            0.07        0.08        0.07        0.07        0.07        0.07        0.10        0.08        0.08
REQ             450        1879        3699        5504        7328        9071       10806       12545       14109
err               5          24          41          62          94         109         153         166         242
GET               0           0           0           0           0           0           0           0           0
MUL               0           0           0           0           0           0           0           0           0
SET             450        1879        3699        5504        7328        9071       10806       12545       14109
EMPTY             0           0           0           0           0           0           0           0           0
-------------------------------------------------------------------------------------------------
w-o middleware 1 result worker: 64 
-------------------------------------------------------------------------------------------------
Clients           2           8          16          24          32          40          48          56          64
-------
TP              230         949        1853        2749        3658        4503        5276        6329        7002
err               5          21          39          67          87         182         279         168         296
QL             0.00        0.95        2.03        2.90        3.48        4.26        4.73        5.07        5.79
err            0.00        0.11        0.23        0.33        0.35        0.40        0.50        0.51        0.72
QWT            0.05        0.06        0.09        0.11        0.13        0.15        0.16        0.17        0.20
err            0.02        0.02        0.02        0.03        0.03        0.03        0.03        0.03        0.04
ST             1.98        1.95        1.96        1.98        1.97        1.99        1.98        1.96        1.97
err            0.05        0.06        0.05        0.06        0.07        0.16        0.07        0.06        0.06
MWT            2.05        2.04        2.07        2.12        2.13        2.16        2.17        2.15        2.18
err            0.06        0.07        0.06        0.07        0.08        0.17        0.09        0.07        0.09
REQ             230         949        1853        2750        3658        4503        5277        6330        7003
err               5          21          39          68          87         182         279         168         296
GET               0           0           0           0           0           0           0           0           0
MUL               0           0           0           0           0           0           0           0           0
SET             230         949        1853        2750        3658        4503        5277        6330        7003
EMPTY             0           0           0           0           0           0           0           0           0
-------------------------------------------------------------------------------------------------
w-o middleware 2 result worker: 64 
-------------------------------------------------------------------------------------------------
Clients           2           8          16          24          32          40          48          56          64
-------
TP              229         949        1860        2759        3666        4511        5285        6314        7023
err               5          20          42          62          90         173         264         162         307
QL             0.00        0.96        2.05        3.15        3.73        4.50        5.06        5.43        6.07
err            0.00        0.12        0.20        0.30        0.40        0.41        0.53        0.50        0.75
QWT            0.05        0.07        0.09        0.11        0.12        0.14        0.15        0.16        0.17
err            0.02        0.02        0.02        0.02        0.03        0.03        0.04        0.03        0.04
ST             1.95        1.92        1.94        1.96        1.95        1.98        1.96        1.94        1.96
err            0.05        0.06        0.07        0.07        0.06        0.17        0.06        0.06        0.06
MWT            2.03        2.01        2.04        2.09        2.10        2.13        2.13        2.13        2.14
err            0.06        0.06        0.07        0.07        0.07        0.18        0.08        0.07        0.09
REQ             229         949        1860        2759        3667        4511        5286        6314        7023
err               5          20          42          62          90         173         263         162         307
GET               0           0           0           0           0           0           0           0           0
MUL               0           0           0           0           0           0           0           0           0
SET             229         949        1860        2759        3667        4511        5286        6314        7023
EMPTY             0           0           0           0           0           0           0           0           0
-------------------------------------------------------------------------------------------------
w-o merged middleware result worker: 64 
-------------------------------------------------------------------------------------------------
Clients           2           8          16          24          32          40          48          56          64
-------
TP              459        1898        3714        5509        7324        9014       10562       12643       14025
err               5          20          41          65          88         177         271         165         302
QL             0.00        0.95        2.04        3.02        3.60        4.38        4.89        5.25        5.93
err            0.00        0.12        0.22        0.31        0.38        0.41        0.51        0.50        0.74
QWT            0.05        0.06        0.09        0.11        0.12        0.15        0.16        0.17        0.18
err            0.02        0.02        0.02        0.02        0.03        0.03        0.04        0.03        0.04
ST             1.97        1.94        1.95        1.97        1.96        1.98        1.97        1.95        1.96
err            0.05        0.06        0.06        0.06        0.07        0.17        0.06        0.06        0.06
MWT            2.04        2.02        2.05        2.11        2.11        2.15        2.15        2.14        2.16
err            0.06        0.06        0.06        0.07        0.08        0.17        0.08        0.07        0.09
REQ             459        1898        3714        5509        7325        9015       10563       12645       14026
err               5          20          41          65          88         177         271         165         302
GET               0           0           0           0           0           0           0           0           0
MUL               0           0           0           0           0           0           0           0           0
SET             459        1898        3714        5509        7325        9015       10563       12645       14026
EMPTY             0           0           0           0           0           0           0           0           0
-------------------------------------------------------------------------------------------------
read-only memtier worker: 8
-------------------------------------------------------------------------------------------------
Service Time (ms) with errors
           2           8          16          24          32          40          48          56          64
        4.35        4.27        4.29        4.49        4.46        5.26        6.30        7.30        8.28
        0.11        0.09        0.09        0.28        0.12        0.13        0.12        0.12        0.13
Troughput (req/sec) with errors
           2           8          16          24          32          40          48          56          64
      456.97     1870.67     3726.85     5361.63     7170.49     7607.29     7617.68     7673.42     7732.06
        5.85       19.03       36.88      150.75       92.26       90.44       72.13       64.73       61.65
-------------------------------------------------------------------------------------------------
read-only memtier worker: 16
-------------------------------------------------------------------------------------------------
Service Time (ms) with errors
           2           8          16          24          32          40          48          56          64
        4.36        4.28        4.32        4.37        4.36        4.41        4.45        5.03        5.75
        0.10        0.09        0.10        0.09        0.11        0.13        0.16        0.06        0.07
Troughput (req/sec) with errors
           2           8          16          24          32          40          48          56          64
      455.89     1865.84     3699.78     5489.14     7343.36     9070.77    10797.49    11120.84    11126.05
        5.37       19.49       39.52       57.19       88.36      123.43      184.66       67.10       69.58
-------------------------------------------------------------------------------------------------
read-only memtier worker: 32
-------------------------------------------------------------------------------------------------
Service Time (ms) with errors
           2           8          16          24          32          40          48          56          64
        4.40        4.26        4.31        4.36        4.37        4.41        4.46        5.03        5.74
        0.12        0.09        0.09        0.10        0.12        0.10        0.13        0.06        0.09
Troughput (req/sec) with errors
           2           8          16          24          32          40          48          56          64
      452.41     1873.14     3713.39     5496.34     7328.32     9068.36    10766.82    11125.40    11145.45
        5.93       19.32       36.28       60.75       92.33      102.26      160.25       66.37       83.75
-------------------------------------------------------------------------------------------------
read-only memtier worker: 64
-------------------------------------------------------------------------------------------------
Service Time (ms) with errors
           2           8          16          24          32          40          48          56          64
        4.50        4.23        4.42        4.35        4.35        4.40        4.43        5.03        5.74
        0.84        0.09        0.39        0.10        0.10        0.11        0.11        0.06        0.09
Troughput (req/sec) with errors
           2           8          16          24          32          40          48          56          64
      448.24     1887.83     3635.61     5517.18     7356.71     9086.00    10835.14    11135.48    11143.29
       17.46       19.75      112.70       61.39       79.89      115.04      128.05       63.59       87.70
-------------------------------------------------------------------------------------------------
write-only memtier worker: 8
-------------------------------------------------------------------------------------------------
Service Time (ms) with errors
           2           8          16          24          32          40          48          56          64
        4.51        4.33        4.30        4.47        4.50        5.24        6.31        7.28        8.33
        0.26        0.24        0.10        0.52        0.11        0.12        0.13        0.15        0.15
Troughput (req/sec) with errors
           2           8          16          24          32          40          48          56          64
      443.44     1851.91     3718.95     5422.03     7115.45     7641.86     7607.12     7697.49     7682.40
       11.62       43.04       41.64      207.82       89.28       87.48       74.46       75.25       68.38
-------------------------------------------------------------------------------------------------
write-only memtier worker: 16
-------------------------------------------------------------------------------------------------
Service Time (ms) with errors
           2           8          16          24          32          40          48          56          64
        4.36        4.37        4.30        4.39        4.37        4.41        4.46        4.50        4.64
        0.11        0.21        0.10        0.10        0.12        0.12        0.13        0.16        0.17
Troughput (req/sec) with errors
           2           8          16          24          32          40          48          56          64
      456.05     1831.83     3719.76     5471.02     7315.70     9070.47    10762.28    12456.11    13818.25
        5.40       40.33       42.22       60.50       92.68      117.86      156.76      208.80      251.11
-------------------------------------------------------------------------------------------------
write-only memtier worker: 32
-------------------------------------------------------------------------------------------------
Service Time (ms) with errors
           2           8          16          24          32          40          48          56          64
        4.43        4.26        4.32        4.52        4.37        4.41        4.44        4.46        4.54
        0.12        0.12        0.09        0.86        0.11        0.11        0.12        0.12        0.15
Troughput (req/sec) with errors
           2           8          16          24          32          40          48          56          64
      448.91     1878.02     3699.56     5410.33     7331.22     9070.96    10808.83    12545.88    14112.31
        5.72       24.89       38.40      255.10       89.59      110.01      140.52      164.91      238.74
-------------------------------------------------------------------------------------------------
write-only memtier worker: 64
-------------------------------------------------------------------------------------------------
Service Time (ms) with errors
           2           8          16          24          32          40          48          56          64
        4.35        4.21        4.31        4.35        4.37        5.88        4.55        4.43        4.57
        0.10        0.09        0.09        0.10        0.10       12.44        0.25        0.13        0.21
Troughput (req/sec) with errors
           2           8          16          24          32          40          48          56          64
      457.90     1896.77     3712.73     5510.46     7329.15     8856.30    10576.26    12646.58    14027.71
        5.32       20.85       39.89       65.40       83.33      562.24      260.79      177.09      306.98
