-------------------------------------------------------------------------------------------------
read-only data
-------------------------------------------------------------------------------------------------
Service Time (ms) with errors
           2           8          16          24          32          40          48          56          64          80          96
        2.04        2.05        2.14        2.19        2.32        2.48        2.47        2.62        3.00        3.64        4.32
        0.04        0.03        0.00        0.01        0.02        0.06        0.04        0.01        0.09        0.02        0.01
Troughput (req/sec) with errors
           2           8          16          24          32          40          48          56          64          80          96
      978.81     3891.57     7484.56    10960.46    13837.53    16241.73    19637.57    21433.00    21443.42    21993.37    22196.07
       17.25       54.70       19.42       41.94      132.58      336.68      327.07       82.24      568.19       98.74       50.33
