-------------------------------------------------------------------------------------------------
write-only data
-------------------------------------------------------------------------------------------------
Service Time (ms) with errors
           2           8          16          24          32          40          48          56          64          80          96
        2.02        2.08        2.13        2.21        2.30        2.43        2.43        2.60        2.94        3.63        4.32
        0.03        0.04        0.01        0.01        0.04        0.06        0.08        0.02        0.03        0.03        0.02
Troughput (req/sec) with errors
           2           8          16          24          32          40          48          56          64          80          96
      989.76     3844.04     7515.20    10857.20    13912.96    16538.15    19995.01    21716.52    21882.43    22090.54    22236.66
       15.53       76.16       29.08       37.10      221.68      432.45      505.33      106.70      219.57      149.17       62.09
