-------------------------------------------------------------------------------------------------
w-o middleware 1 result worker: 8 
-------------------------------------------------------------------------------------------------
Clients           6          30          60          90         120         150         180         210         240         270         300
-------
TP             1021        3660        3605        3615        3655        3632        3648        3631        3627        3636        3656
err              34          86          78          81          64          76          88          66          97          61          74
QL             0.08        3.11       17.54       32.55       47.47       62.42       77.20       92.54      107.49      122.45      136.95
err            0.04        0.09        0.38        0.13        0.80        0.95        2.82        0.15        0.17        0.72        4.36
QWT            0.04        1.26        5.38        9.52       13.50       17.70       21.68       26.00       30.18       34.20       37.98
err            0.01        0.04        0.16        0.24        0.30        0.44        0.96        0.49        0.93        0.57        1.39
ST             2.17        2.14        2.20        2.20        2.18        2.18        2.18        2.18        2.19        2.18        2.17
err            0.08        0.06        0.06        0.06        0.05        0.06        0.07        0.05        0.08        0.05        0.06
MWT            2.23        3.43        7.59       11.73       15.69       19.91       23.87       28.20       32.38       36.40       40.17
err            0.08        0.09        0.20        0.29        0.32        0.47        1.00        0.53        0.99        0.60        1.41
REQ            1021        3660        3606        3616        3655        3633        3649        3633        3628        3636        3656
err              33          86          78          81          65          76          88          64          97          61          74
GET               0           0           0           0           0           0           0           0           0           0           0
MUL               0           0           0           0           0           0           0           0           0           0           0
SET            1021        3660        3606        3616        3655        3633        3649        3633        3628        3636        3656
EMPTY             0           0           0           0           0           0           0           0           0           0           0
-------------------------------------------------------------------------------------------------
w-o middleware 2 result worker: 8 
-------------------------------------------------------------------------------------------------
Clients           6          30          60          90         120         150         180         210         240         270         300
-------
TP             1266        4638        4583        4598        4658        4568        4612        4594        4585        4600        4596
err              42         114         104         118          92         101         125         106         112         102         110
QL             0.05        2.90       17.24       32.22       47.16       62.11       77.12       92.08      106.62      121.76      136.65
err            0.04        0.09        0.40        0.30        0.66        1.12        0.93        1.72        3.95        3.64        4.82
QWT            0.03        0.89        4.09        7.34       10.45       13.94       17.05       20.38       23.59       26.80       30.07
err            0.01        0.04        0.12        0.21        0.23        0.41        0.61        0.62        1.05        0.93        1.27
ST             1.65        1.68        1.72        1.72        1.70        1.73        1.71        1.72        1.73        1.72        1.72
err            0.07        0.05        0.05        0.05        0.04        0.05        0.06        0.05        0.05        0.05        0.05
MWT            1.72        2.59        5.84        9.07       12.17       15.69       18.78       22.12       25.34       28.54       31.81
err            0.07        0.08        0.14        0.26        0.26        0.44        0.67        0.65        1.08        0.96        1.29
REQ            1266        4638        4584        4599        4659        4570        4613        4595        4586        4600        4597
err              42         114         104         118          92          99         125         105         112         102         110
GET               0           0           0           0           0           0           0           0           0           0           0
MUL               0           0           0           0           0           0           0           0           0           0           0
SET            1266        4638        4584        4599        4659        4570        4613        4595        4586        4600        4597
EMPTY             0           0           0           0           0           0           0           0           0           0           0
-------------------------------------------------------------------------------------------------
w-o merged middleware result worker: 8 
-------------------------------------------------------------------------------------------------
Clients           6          30          60          90         120         150         180         210         240         270         300
-------
TP             2287        8298        8189        8214        8313        8200        8260        8226        8212        8236        8252
err              38         101          92         101          80          89         108          88         104          84          93
QL             0.07        3.01       17.39       32.39       47.32       62.27       77.16       92.31      107.06      122.10      136.80
err            0.04        0.09        0.39        0.23        0.73        1.04        2.10        1.22        2.79        2.63        4.59
QWT            0.04        1.08        4.74        8.43       11.97       15.82       19.37       23.19       26.88       30.50       34.02
err            0.01        0.04        0.14        0.22        0.27        0.42        0.81        0.56        0.99        0.77        1.33
ST             1.91        1.91        1.96        1.96        1.94        1.96        1.95        1.95        1.96        1.95        1.95
err            0.08        0.05        0.05        0.06        0.05        0.05        0.06        0.05        0.06        0.05        0.05
MWT            1.98        3.01        6.72       10.40       13.93       17.80       21.33       25.16       28.86       32.47       35.99
err            0.07        0.09        0.18        0.27        0.29        0.46        0.85        0.59        1.04        0.80        1.35
REQ            2287        8299        8190        8216        8315        8203        8262        8229        8214        8237        8254
err              37         101          92         101          80          88         108          87         104          84          93
GET               0           0           0           0           0           0           0           0           0           0           0
MUL               0           0           0           0           0           0           0           0           0           0           0
SET            2287        8299        8190        8216        8315        8203        8262        8229        8214        8237        8254
EMPTY             0           0           0           0           0           0           0           0           0           0           0
-------------------------------------------------------------------------------------------------
w-o middleware 1 result worker: 16 
-------------------------------------------------------------------------------------------------
Clients           6          30          60          90         120         150         180         210         240         270         300
-------
TP             1005        5280        7027        7149        7187        7166        7223        7204        7211        7210        7218
err              41         204         241         204         194         193         194         174         205         172         185
QL             0.07        0.98        6.93       21.14       36.03       51.09       65.85       80.83       95.57      110.47      125.82
err            0.05        0.09        0.23        0.66        0.96        0.37        1.41        0.64        3.18        3.48        0.90
QWT            0.04        0.06        1.33        3.34        5.40        7.51        9.49       11.62       13.65       15.72       17.83
err            0.01        0.02        0.06        0.12        0.20        0.21        0.32        0.29        0.61        0.59        0.48
ST             2.19        2.12        2.24        2.22        2.20        2.22        2.20        2.20        2.20        2.20        2.20
err            0.07        0.06        0.07        0.07        0.06        0.06        0.07        0.06        0.07        0.06        0.07
MWT            2.25        2.20        3.58        5.58        7.62        9.74       11.71       13.83       15.87       17.94       20.05
err            0.07        0.07        0.13        0.17        0.24        0.27        0.37        0.34        0.66        0.61        0.54
REQ            1005        5281        7028        7150        7188        7166        7224        7205        7212        7211        7219
err              41         204         241         204         194         193         194         174         205         172         185
GET               0           0           0           0           0           0           0           0           0           0           0
MUL               0           0           0           0           0           0           0           0           0           0           0
SET            1005        5281        7028        7150        7188        7166        7224        7205        7212        7211        7219
EMPTY             0           0           0           0           0           0           0           0           0           0           0
-------------------------------------------------------------------------------------------------
w-o middleware 2 result worker: 16 
-------------------------------------------------------------------------------------------------
Clients           6          30          60          90         120         150         180         210         240         270         300
-------
TP             1250        6371        8840        8965        9047        8996        9072        9021        9009        8974        9041
err              48         237         296         260         294         259         253         221         292         257         243
QL             0.06        1.19        6.48       20.46       35.34       50.11       65.07       79.53       94.49      109.43      124.95
err            0.05        0.09        0.18        0.62        0.64        1.81        0.96        4.15        4.60        4.51        1.29
QWT            0.03        0.08        0.94        2.51        4.13        5.81        7.40        9.05       10.70       12.42       14.06
err            0.01        0.02        0.05        0.10        0.15        0.26        0.24        0.52        0.60        0.56        0.39
ST             1.66        1.63        1.76        1.76        1.74        1.76        1.74        1.75        1.75        1.76        1.75
err            0.06        0.05        0.07        0.06        0.07        0.06        0.06        0.05        0.06        0.06        0.06
MWT            1.73        1.74        2.72        4.29        5.90        7.59        9.16       10.82       12.47       14.21       15.83
err            0.06        0.07        0.11        0.15        0.20        0.29        0.28        0.54        0.63        0.58        0.45
REQ            1250        6371        8841        8967        9049        8999        9073        9023        9011        8976        9043
err              48         237         296         259         295         256         252         221         292         257         243
GET               0           0           0           0           0           0           0           0           0           0           0
MUL               0           0           0           0           0           0           0           0           0           0           0
SET            1250        6371        8841        8967        9049        8999        9073        9023        9011        8976        9043
EMPTY             0           0           0           0           0           0           0           0           0           0           0
-------------------------------------------------------------------------------------------------
w-o merged middleware result worker: 16 
-------------------------------------------------------------------------------------------------
Clients           6          30          60          90         120         150         180         210         240         270         300
-------
TP             2255       11651       15867       16115       16235       16162       16296       16226       16220       16185       16259
err              44         221         270         233         249         228         225         199         252         218         216
QL             0.06        1.08        6.71       20.80       35.68       50.60       65.46       80.18       95.03      109.95      125.38
err            0.05        0.09        0.21        0.64        0.82        1.31        1.20        2.97        3.95        4.03        1.11
QWT            0.04        0.07        1.13        2.93        4.76        6.66        8.45       10.33       12.18       14.07       15.95
err            0.01        0.02        0.06        0.11        0.17        0.24        0.28        0.42        0.60        0.57        0.44
ST             1.93        1.88        2.00        1.99        1.97        1.99        1.97        1.98        1.98        1.98        1.98
err            0.07        0.06        0.07        0.06        0.06        0.06        0.06        0.06        0.07        0.06        0.06
MWT            1.99        1.97        3.15        4.94        6.76        8.66       10.43       12.33       14.17       16.07       17.94
err            0.07        0.07        0.12        0.16        0.22        0.28        0.33        0.45        0.65        0.60        0.50
REQ            2255       11653       15869       16118       16237       16166       16298       16228       16223       16188       16263
err              44         221         270         233         250         227         225         199         252         218         216
GET               0           0           0           0           0           0           0           0           0           0           0
MUL               0           0           0           0           0           0           0           0           0           0           0
SET            2255       11653       15869       16118       16237       16166       16298       16228       16223       16188       16263
EMPTY             0           0           0           0           0           0           0           0           0           0           0
-------------------------------------------------------------------------------------------------
w-o middleware 1 result worker: 32 
-------------------------------------------------------------------------------------------------
Clients           6          30          60          90         120         150         180         210         240         270         300
-------
TP             1019        5243        7767        8609        9192        9279        9371        9415        9392        9350        9257
err              26         313         353         319         343         323         603         348         345         302         296
QL             0.07        1.01        2.91        5.10       13.44       27.45       42.23       57.04       71.79       86.41      100.92
err            0.04        0.08        0.21        0.23        0.44        0.60        0.60        1.47        1.83        4.65        5.67
QWT            0.04        0.07        0.12        0.96        2.25        3.80        5.36        6.92        8.48       10.09       11.76
err            0.01        0.03        0.03        0.07        0.12        0.16        0.69        0.30        0.41        0.62        0.78
ST             2.16        2.12        2.99        3.49        3.43        3.43        3.41        3.39        3.39        3.40        3.44
err            0.05        0.07        0.14        0.13        0.13        0.12        0.39        0.13        0.13        0.11        0.11
MWT            2.22        2.22        3.14        4.46        5.70        7.25        8.80       10.31       11.88       13.51       15.22
err            0.06        0.09        0.15        0.20        0.24        0.26        1.08        0.42        0.52        0.68        0.85
REQ            1019        5244        7768        8612        9194        9281        9372        9416        9393        9351        9258
err              26         313         353         318         343         324         603         348         345         302         296
GET               0           0           0           0           0           0           0           0           0           0           0
MUL               0           0           0           0           0           0           0           0           0           0           0
SET            1019        5244        7768        8612        9194        9281        9372        9416        9393        9351        9258
EMPTY             0           0           0           0           0           0           0           0           0           0           0
-------------------------------------------------------------------------------------------------
w-o middleware 2 result worker: 32 
-------------------------------------------------------------------------------------------------
Clients           6          30          60          90         120         150         180         210         240         270         300
-------
TP             1268        6290        8697        9879       11009       11178       11285       11280       11289       11202       11090
err              37         280         326         350         438         435         694         403         389         332         377
QL             0.08        1.19        3.20        5.09       12.89       26.51       40.99       56.06       70.47       85.43      100.01
err            0.04        0.08        0.22        0.30        0.48        0.91        0.94        1.36        3.25        2.44        3.42
QWT            0.03        0.09        0.16        0.76        1.71        2.96        4.26        5.58        6.84        8.24        9.65
err            0.01        0.02        0.03        0.05        0.10        0.15        0.57        0.25        0.38        0.35        0.50
ST             1.65        1.65        2.48        2.91        2.83        2.82        2.82        2.81        2.81        2.83        2.86
err            0.05        0.06        0.11        0.10        0.11        0.10        0.32        0.11        0.10        0.09        0.10
MWT            1.71        1.76        2.67        3.70        4.56        5.80        7.11        8.42        9.67       11.09       12.54
err            0.05        0.07        0.12        0.15        0.20        0.23        0.89        0.34        0.45        0.42        0.58
REQ            1268        6291        8699        9882       11012       11181       11287       11284       11290       11205       11092
err              37         280         326         350         438         435         694         401         389         333         377
GET               0           0           0           0           0           0           0           0           0           0           0
MUL               0           0           0           0           0           0           0           0           0           0           0
SET            1268        6291        8699        9882       11012       11181       11287       11284       11290       11205       11092
EMPTY             0           0           0           0           0           0           0           0           0           0           0
-------------------------------------------------------------------------------------------------
w-o merged middleware result worker: 32 
-------------------------------------------------------------------------------------------------
Clients           6          30          60          90         120         150         180         210         240         270         300
-------
TP             2288       11534       16465       18489       20202       20458       20656       20696       20681       20553       20347
err              32         297         340         335         393         383         650         376         368         317         339
QL             0.07        1.10        3.05        5.10       13.17       26.98       41.61       56.55       71.13       85.92      100.47
err            0.04        0.08        0.22        0.27        0.46        0.77        0.79        1.42        2.64        3.71        4.68
QWT            0.04        0.08        0.14        0.86        1.98        3.38        4.81        6.25        7.66        9.16       10.71
err            0.01        0.02        0.03        0.06        0.11        0.15        0.63        0.28        0.40        0.50        0.65
ST             1.90        1.89        2.73        3.20        3.13        3.12        3.12        3.10        3.10        3.12        3.15
err            0.05        0.07        0.13        0.12        0.12        0.11        0.36        0.12        0.11        0.10        0.11
MWT            1.97        1.99        2.90        4.08        5.13        6.52        7.95        9.36       10.78       12.30       13.88
err            0.05        0.08        0.14        0.17        0.22        0.25        0.99        0.38        0.49        0.57        0.73
REQ            2288       11536       16467       18494       20206       20462       20659       20701       20684       20556       20351
err              32         297         340         334         393         383         650         376         368         318         339
GET               0           0           0           0           0           0           0           0           0           0           0
MUL               0           0           0           0           0           0           0           0           0           0           0
SET            2288       11536       16467       18494       20206       20462       20659       20701       20684       20556       20351
EMPTY             0           0           0           0           0           0           0           0           0           0           0
-------------------------------------------------------------------------------------------------
w-o middleware 1 result worker: 64 
-------------------------------------------------------------------------------------------------
Clients           6          30          60          90         120         150         180         210         240         270         300
-------
TP             1035        5214        7602        9266       10735       12158       13134       13946       14231       14306       14136
err              30         251         329         363         495         460         436         631         595         471         461
QL             0.06        1.03        2.96        5.59        8.39        9.34       11.89       17.67       27.27       41.32       55.85
err            0.05        0.09        0.26        0.46        0.84        1.03        0.86        1.15        2.24        1.47        4.93
QWT            0.03        0.07        0.13        0.22        0.32        0.71        1.33        2.05        2.86        3.89        4.92
err            0.01        0.02        0.04        0.06        0.08        0.08        0.09        0.16        0.25        0.19        0.43
ST             2.14        2.13        3.07        3.76        4.26        4.43        4.46        4.39        4.41        4.42        4.48
err            0.06        0.07        0.15        0.15        0.18        0.15        0.15        0.17        0.14        0.13        0.15
MWT            2.20        2.22        3.23        4.01        4.61        5.16        5.82        6.46        7.29        8.34        9.41
err            0.07        0.08        0.16        0.17        0.21        0.21        0.23        0.32        0.32        0.31        0.52
REQ            1035        5214        7603        9268       10737       12160       13138       13948       14233       14309       14138
err              30         252         329         364         495         459         434         631         595         470         461
GET               0           0           0           0           0           0           0           0           0           0           0
MUL               0           0           0           0           0           0           0           0           0           0           0
SET            1035        5214        7603        9268       10737       12160       13138       13948       14233       14309       14138
EMPTY             0           0           0           0           0           0           0           0           0           0           0
-------------------------------------------------------------------------------------------------
w-o middleware 2 result worker: 64 
-------------------------------------------------------------------------------------------------
Clients           6          30          60          90         120         150         180         210         240         270         300
-------
TP             1266        6260        8499        9934       11250       12750       14016       15190       15673       15954       15991
err              60         275         364         353         401         524         486         595         633         536         449
QL             0.05        1.21        3.28        6.48       10.18       12.39       14.03       17.98       25.84       38.37       52.25
err            0.05        0.10        0.24        0.48        0.69        1.16        0.99        0.97        2.04        2.34        3.66
QWT            0.04        0.09        0.18        0.30        0.45        0.83        1.28        1.80        2.43        3.23        4.13
err            0.01        0.02        0.03        0.05        0.06        0.07        0.08        0.10        0.21        0.20        0.29
ST             1.63        1.65        2.56        3.23        3.73        3.88        3.94        3.91        3.92        3.90        3.93
err            0.05        0.06        0.14        0.13        0.16        0.14        0.12        0.13        0.11        0.10        0.11
MWT            1.69        1.77        2.77        3.57        4.21        4.74        5.25        5.74        6.37        7.16        8.09
err            0.06        0.07        0.14        0.14        0.17        0.18        0.19        0.22        0.29        0.28        0.36
REQ            1266        6263        8500        9936       11252       12754       14018       15193       15676       15957       15997
err              60         276         364         353         401         524         486         595         633         538         449
GET               0           0           0           0           0           0           0           0           0           0           0
MUL               0           0           0           0           0           0           0           0           0           0           0
SET            1266        6263        8500        9936       11252       12754       14018       15193       15676       15957       15997
EMPTY             0           0           0           0           0           0           0           0           0           0           0
-------------------------------------------------------------------------------------------------
w-o merged middleware result worker: 64 
-------------------------------------------------------------------------------------------------
Clients           6          30          60          90         120         150         180         210         240         270         300
-------
TP             2302       11475       16101       19201       21986       24908       27151       29136       29904       30261       30128
err              47         263         347         358         451         493         462         613         614         505         455
QL             0.06        1.12        3.12        6.04        9.28       10.86       12.96       17.83       26.56       39.85       54.05
err            0.05        0.10        0.25        0.47        0.77        1.10        0.93        1.06        2.14        1.95        4.34
QWT            0.03        0.08        0.15        0.26        0.39        0.77        1.31        1.92        2.64        3.56        4.53
err            0.01        0.02        0.03        0.05        0.07        0.08        0.08        0.14        0.23        0.20        0.36
ST             1.88        1.89        2.82        3.50        4.00        4.16        4.20        4.15        4.16        4.16        4.20
err            0.06        0.06        0.15        0.14        0.17        0.14        0.14        0.15        0.13        0.12        0.13
MWT            1.95        1.99        3.00        3.79        4.41        4.95        5.54        6.10        6.83        7.75        8.75
err            0.07        0.08        0.15        0.16        0.19        0.19        0.21        0.27        0.31        0.29        0.45
REQ            2301       11478       16103       19205       21989       24914       27157       29142       29910       30267       30136
err              47         264         347         359         451         492         461         613         614         505         455
GET               0           0           0           0           0           0           0           0           0           0           0
MUL               0           0           0           0           0           0           0           0           0           0           0
SET            2301       11478       16103       19205       21989       24914       27157       29142       29910       30267       30136
EMPTY             0           0           0           0           0           0           0           0           0           0           0
-------------------------------------------------------------------------------------------------
write-only memtier worker: 8
-------------------------------------------------------------------------------------------------
Service Time (ms) with errors
           6          30          60          90         120         150         180         210         240         270         300
        2.66        3.67        7.44       11.12       14.64       18.53       22.07       25.87       29.61       33.19       36.81
        0.10        0.10        0.17        0.28        0.31        0.41        0.63        0.57        0.98        0.76        0.86
Troughput (req/sec) with errors
           6          30          60          90         120         150         180         210         240         270         300
     2285.64     8301.87     8194.31     8219.84     8321.55     8206.46     8269.54     8229.23     8222.94     8248.58     8258.67
       13.58       37.07       31.43       34.52       28.98       30.99       38.14       31.77       48.09       36.26       33.37
-------------------------------------------------------------------------------------------------
write-only memtier worker: 16
-------------------------------------------------------------------------------------------------
Service Time (ms) with errors
           6          30          60          90         120         150         180         210         240         270         300
        2.69        2.60        3.84        5.65        7.49        9.40       11.18       13.10       14.96       16.85       18.67
        0.10        0.09        0.13        0.16        0.22        0.26        0.31        0.32        0.44        0.42        0.47
Troughput (req/sec) with errors
           6          30          60          90         120         150         180         210         240         270         300
     2258.70    11689.43    15884.51    16152.27    16267.39    16188.90    16320.55    16249.60    16258.72    16223.03    16279.79
       13.81       65.20       94.07       74.48       79.94       75.89       75.77       67.81       81.86       68.94       67.65
-------------------------------------------------------------------------------------------------
write-only memtier worker: 32
-------------------------------------------------------------------------------------------------
Service Time (ms) with errors
           6          30          60          90         120         150         180         210         240         270         300
        2.66        2.62        3.67        4.91        6.01        7.41        8.86       10.25       11.72       13.25       14.88
        0.08        0.09        0.15        0.21        0.24        0.27        1.10        0.38        0.44        0.42        0.55
Troughput (req/sec) with errors
           6          30          60          90         120         150         180         210         240         270         300
     2286.89    11591.45    16492.97    18483.48    20232.41    20500.05    20682.52    20714.84    20703.92    20574.84    20361.06
       11.39       67.60      110.47      130.86      138.89      128.09      214.98      129.50      133.79      111.07      132.11
-------------------------------------------------------------------------------------------------
write-only memtier worker: 64
-------------------------------------------------------------------------------------------------
Service Time (ms) with errors
           6          30          60          90         120         150         180         210         240         270         300
        2.64        2.63        3.75        4.70        5.48        6.05        6.65        7.22        8.02        8.94       10.00
        0.09        0.09        0.17        0.19        0.25        0.26        0.25        0.29        0.29        0.28        0.35
Troughput (req/sec) with errors
           6          30          60          90         120         150         180         210         240         270         300
     2302.88    11542.80    16116.72    19223.93    22045.86    24928.17    27171.14    29240.71    30073.53    30354.72    30185.92
       13.64       62.59      123.55      130.63      166.92      189.18      165.86      198.63      183.01      153.76      171.74
