-------------------------------------------------------------------------------------------------
w-o middleware 1 result worker: 8 
-------------------------------------------------------------------------------------------------
Clients           6          30          60          90         120         150         180         210         240         270         300
-------
TP             1013        3558        3552        3559        3595        3606        3565        3573        3571        3597        3580
err              37         134         107          93          99         102         118         101         124          93         106
QL             0.07        3.23       17.77       32.84       47.82       62.82       77.58       92.75      107.67      122.42      137.14
err            0.05        0.10        0.52        0.16        0.14        0.14        2.12        1.07        2.11        3.49        4.78
QWT            0.03        1.33        5.48        9.72       13.78       17.93       22.28       26.44       30.66       34.51       38.83
err            0.01        0.05        0.19        0.26        0.40        0.52        1.00        0.79        1.20        1.30        1.74
ST             2.22        2.20        2.22        2.22        2.20        2.18        2.21        2.21        2.21        2.20        2.21
err            0.07        0.08        0.06        0.07        0.08        0.07        0.09        0.07        0.08        0.07        0.07
MWT            2.30        3.56        7.73       11.97       16.01       20.15       24.53       28.68       32.90       36.74       41.07
err            0.08        0.12        0.22        0.31        0.47        0.59        1.07        0.85        1.27        1.34        1.79
REQ            1012        3558        3553        3560        3596        3607        3566        3573        3572        3597        3581
err              37         134         106          93          99         102         117         101         124          93         106
GET               0           0           0           0           0           0           0           0           0           0           0
MUL               0           0           0           0           0           0           0           0           0           0           0
SET            1012        3558        3553        3560        3596        3607        3566        3573        3572        3597        3581
EMPTY             0           0           0           0           0           0           0           0           0           0           0
-------------------------------------------------------------------------------------------------
w-o middleware 2 result worker: 8 
-------------------------------------------------------------------------------------------------
Clients           6          30          60          90         120         150         180         210         240         270         300
-------
TP             1074        3683        3719        3743        3743        3780        3766        3771        3749        3759        3731
err              37         141         122         116         126         110         136         106         132         106         115
QL             0.06        3.16       17.70       32.66       47.62       62.84       77.76       92.61      107.59      122.37      137.11
err            0.05        0.10        0.86        1.16        0.81        0.14        0.14        1.85        2.69        3.22        4.80
QWT            0.04        1.24        5.19        9.18       13.17       17.06       21.12       25.00       29.15       33.01       37.23
err            0.01        0.05        0.28        0.42        0.51        0.52        0.83        0.84        1.26        1.19        1.76
ST             2.07        2.12        2.11        2.10        2.11        2.08        2.10        2.09        2.10        2.10        2.11
err            0.07        0.08        0.07        0.07        0.08        0.07        0.09        0.07        0.08        0.07        0.07
MWT            2.16        3.38        7.34       11.31       15.31       19.18       23.24       27.11       31.28       35.14       39.37
err            0.07        0.12        0.32        0.47        0.58        0.59        0.92        0.89        1.33        1.23        1.81
REQ            1074        3684        3720        3744        3744        3781        3766        3772        3750        3760        3732
err              37         141         121         116         126         110         136         106         132         106         115
GET               0           0           0           0           0           0           0           0           0           0           0
MUL               0           0           0           0           0           0           0           0           0           0           0
SET            1074        3684        3720        3744        3744        3781        3766        3772        3750        3760        3732
EMPTY             0           0           0           0           0           0           0           0           0           0           0
-------------------------------------------------------------------------------------------------
w-o merged middleware result worker: 8 
-------------------------------------------------------------------------------------------------
Clients           6          30          60          90         120         150         180         210         240         270         300
-------
TP             2087        7241        7272        7303        7339        7387        7331        7344        7321        7356        7311
err              37         138         115         105         113         106         127         103         128         100         111
QL             0.06        3.20       17.73       32.75       47.72       62.83       77.67       92.68      107.63      122.39      137.12
err            0.05        0.10        0.71        0.82        0.58        0.14        1.50        1.51        2.42        3.36        4.79
QWT            0.03        1.28        5.33        9.45       13.48       17.49       21.70       25.72       29.90       33.76       38.03
err            0.01        0.05        0.24        0.35        0.46        0.52        0.92        0.81        1.23        1.25        1.75
ST             2.15        2.16        2.17        2.16        2.15        2.13        2.16        2.15        2.16        2.15        2.16
err            0.07        0.08        0.07        0.07        0.08        0.07        0.09        0.07        0.08        0.07        0.07
MWT            2.23        3.47        7.53       11.64       15.66       19.67       23.89       27.90       32.09       35.94       40.22
err            0.08        0.12        0.28        0.40        0.53        0.59        0.99        0.87        1.30        1.28        1.80
REQ            2087        7242        7274        7304        7340        7389        7333        7345        7323        7357        7313
err              37         137         114         105         113         106         127         103         128         100         111
GET               0           0           0           0           0           0           0           0           0           0           0
MUL               0           0           0           0           0           0           0           0           0           0           0
SET            2087        7242        7274        7304        7340        7389        7333        7345        7323        7357        7313
EMPTY             0           0           0           0           0           0           0           0           0           0           0
-------------------------------------------------------------------------------------------------
w-o middleware 1 result worker: 16 
-------------------------------------------------------------------------------------------------
Clients           6          30          60          90         120         150         180         210         240         270         300
-------
TP             1006        5034        6812        6876        6852        6936        6841        6812        6919        6884        6850
err              37         271         271         308         272         223         229         272         286         246         263
QL             0.08        1.01        7.06       21.36       36.16       51.62       66.37       81.55       96.34      110.57      126.01
err            0.04        0.09        0.21        0.74        2.78        0.33        1.58        0.32        1.86        5.21        3.09
QWT            0.03        0.07        1.37        3.47        5.65        7.82       10.09       12.36       14.31       16.44       18.80
err            0.01        0.02        0.06        0.14        0.44        0.27        0.39        0.51        0.63        0.89        0.84
ST             2.22        2.23        2.30        2.30        2.30        2.28        2.31        2.31        2.28        2.29        2.31
err            0.07        0.10        0.09        0.10        0.10        0.08        0.09        0.10        0.10        0.09        0.09
MWT            2.29        2.34        3.70        5.80        7.98       10.13       12.43       14.71       16.62       18.77       21.14
err            0.08        0.12        0.15        0.22        0.47        0.35        0.45        0.60        0.73        0.92        0.91
REQ            1006        5035        6812        6877        6853        6938        6842        6813        6920        6885        6853
err              37         271         271         307         272         222         229         273         286         246         263
GET               0           0           0           0           0           0           0           0           0           0           0
MUL               0           0           0           0           0           0           0           0           0           0           0
SET            1006        5035        6812        6877        6853        6938        6842        6813        6920        6885        6853
EMPTY             0           0           0           0           0           0           0           0           0           0           0
-------------------------------------------------------------------------------------------------
w-o middleware 2 result worker: 16 
-------------------------------------------------------------------------------------------------
Clients           6          30          60          90         120         150         180         210         240         270         300
-------
TP             1068        5236        7113        7147        7159        7174        7140        7135        7203        7139        7159
err              34         231         263         285         275         231         242         279         249         231         245
QL             0.07        1.09        6.97       21.34       36.35       51.58       66.29       81.31       96.07      110.68      125.97
err            0.04        0.09        0.21        0.64        0.80        0.34        1.99        1.41        3.27        4.23        3.37
QWT            0.04        0.09        1.26        3.30        5.39        7.51        9.60       11.71       13.65       15.82       17.93
err            0.01        0.02        0.06        0.14        0.21        0.26        0.42        0.43        0.68        0.73        0.71
ST             2.09        2.09        2.18        2.20        2.20        2.19        2.20        2.21        2.18        2.21        2.20
err            0.07        0.09        0.08        0.09        0.09        0.08        0.08        0.09        0.08        0.08        0.08
MWT            2.17        2.22        3.49        5.53        7.63        9.74       11.84       13.95       15.88       18.06       20.16
err            0.08        0.11        0.14        0.21        0.28        0.33        0.47        0.51        0.75        0.77        0.77
REQ            1068        5238        7116        7149        7161        7174        7141        7136        7204        7140        7160
err              34         231         263         286         275         231         242         280         249         230         245
GET               0           0           0           0           0           0           0           0           0           0           0
MUL               0           0           0           0           0           0           0           0           0           0           0
SET            1068        5238        7116        7149        7161        7174        7141        7136        7204        7140        7160
EMPTY             0           0           0           0           0           0           0           0           0           0           0
-------------------------------------------------------------------------------------------------
w-o merged middleware result worker: 16 
-------------------------------------------------------------------------------------------------
Clients           6          30          60          90         120         150         180         210         240         270         300
-------
TP             2074       10271       13925       14023       14012       14111       13981       13948       14122       14024       14009
err              36         252         267         297         273         227         236         276         268         239         254
QL             0.07        1.05        7.01       21.35       36.25       51.60       66.33       81.43       96.21      110.62      125.99
err            0.04        0.09        0.21        0.69        2.04        0.34        1.80        1.02        2.66        4.75        3.23
QWT            0.03        0.08        1.31        3.38        5.52        7.67        9.84       12.04       13.98       16.13       18.36
err            0.01        0.02        0.06        0.14        0.35        0.26        0.40        0.47        0.66        0.81        0.78
ST             2.15        2.16        2.24        2.25        2.25        2.24        2.26        2.26        2.23        2.25        2.25
err            0.07        0.09        0.09        0.10        0.09        0.08        0.09        0.09        0.09        0.09        0.09
MWT            2.23        2.28        3.59        5.66        7.81        9.93       12.13       14.33       16.25       18.41       20.65
err            0.08        0.11        0.14        0.21        0.38        0.34        0.46        0.56        0.74        0.85        0.84
REQ            2074       10273       13929       14026       14014       14113       13983       13950       14124       14026       14013
err              36         252         267         297         273         227         236         276         268         238         254
GET               0           0           0           0           0           0           0           0           0           0           0
MUL               0           0           0           0           0           0           0           0           0           0           0
SET            2074       10273       13929       14026       14014       14113       13983       13950       14124       14026       14013
EMPTY             0           0           0           0           0           0           0           0           0           0           0
-------------------------------------------------------------------------------------------------
w-o middleware 1 result worker: 32 
-------------------------------------------------------------------------------------------------
Clients           6          30          60          90         120         150         180         210         240         270         300
-------
TP             1016        5032        7536        8270        9094        8981        9021        9061        9113        9346        9194
err              29         232         392         352         377         378         448         416         338         416         307
QL             0.07        1.05        2.98        5.19       14.26       28.76       43.48       58.72       73.14       88.40      102.27
err            0.04        0.09        0.26        0.32        0.41        1.10        0.61        0.64        1.88        1.16        3.74
QWT            0.03        0.08        0.16        0.99        2.27        3.90        5.55        7.21        8.76       10.17       11.84
err            0.01        0.02        0.06        0.06        0.11        0.24        0.29        0.36        0.38        0.50        0.58
ST             2.21        2.23        2.96        3.59        3.45        3.51        3.51        3.50        3.47        3.39        3.44
err            0.07        0.09        0.13        0.14        0.14        0.15        0.18        0.16        0.12        0.15        0.12
MWT            2.28        2.34        3.17        4.62        5.76        7.45        9.10       10.75       12.27       13.59       15.33
err            0.07        0.09        0.16        0.20        0.24        0.37        0.46        0.51        0.50        0.65        0.66
REQ            1016        5033        7537        8271        9095        8984        9024        9063        9114        9350        9199
err              29         231         392         352         377         376         449         415         339         409         307
GET               0           0           0           0           0           0           0           0           0           0           0
MUL               0           0           0           0           0           0           0           0           0           0           0
SET            1016        5033        7537        8271        9095        8984        9024        9063        9114        9350        9199
EMPTY             0           0           0           0           0           0           0           0           0           0           0
-------------------------------------------------------------------------------------------------
w-o middleware 2 result worker: 32 
-------------------------------------------------------------------------------------------------
Clients           6          30          60          90         120         150         180         210         240         270         300
-------
TP             1072        5144        7242        8183        8881        9186        9006        9163        9086        9265        9083
err              37         264         311         236         305         308         295         295         302         281         248
QL             0.06        1.12        3.63        6.12       15.11       29.08       43.52       57.96       73.18       87.58      102.52
err            0.05        0.09        0.28        0.34        0.46        0.66        1.16        1.54        1.84        4.51        4.73
QWT            0.04        0.11        0.28        0.97        2.19        3.75        5.44        6.95        8.68       10.06       11.89
err            0.01        0.02        0.05        0.05        0.12        0.16        0.25        0.24        0.39        0.57        0.62
ST             2.07        2.11        2.93        3.51        3.47        3.42        3.50        3.44        3.48        3.40        3.47
err            0.07        0.08        0.12        0.12        0.11        0.12        0.12        0.11        0.12        0.10        0.10
MWT            2.15        2.26        3.26        4.54        5.71        7.22        8.99       10.43       12.20       13.51       15.41
err            0.08        0.10        0.14        0.16        0.21        0.26        0.35        0.33        0.50        0.62        0.68
REQ            1071        5145        7243        8185        8884        9189        9007        9166        9089        9268        9085
err              37         264         311         236         305         308         295         296         300         281         246
GET               0           0           0           0           0           0           0           0           0           0           0
MUL               0           0           0           0           0           0           0           0           0           0           0
SET            1071        5145        7243        8185        8884        9189        9007        9166        9089        9268        9085
EMPTY             0           0           0           0           0           0           0           0           0           0           0
-------------------------------------------------------------------------------------------------
w-o merged middleware result worker: 32 
-------------------------------------------------------------------------------------------------
Clients           6          30          60          90         120         150         180         210         240         270         300
-------
TP             2088       10177       14778       16454       17975       18168       18027       18225       18199       18612       18278
err              34         249         354         299         343         345         380         361         321         355         279
QL             0.07        1.08        3.30        5.66       14.69       28.92       43.50       58.34       73.16       87.99      102.40
err            0.04        0.09        0.27        0.33        0.43        0.91        0.93        1.18        1.86        3.29        4.26
QWT            0.03        0.09        0.22        0.98        2.23        3.82        5.50        7.08        8.72       10.11       11.87
err            0.01        0.02        0.05        0.06        0.11        0.20        0.27        0.30        0.38        0.54        0.60
ST             2.14        2.17        2.95        3.55        3.46        3.47        3.51        3.47        3.47        3.40        3.45
err            0.07        0.08        0.13        0.13        0.13        0.13        0.15        0.14        0.12        0.13        0.11
MWT            2.22        2.30        3.21        4.58        5.73        7.34        9.05       10.59       12.24       13.55       15.37
err            0.08        0.10        0.15        0.18        0.22        0.32        0.41        0.43        0.50        0.64        0.67
REQ            2088       10178       14781       16456       17980       18173       18032       18229       18204       18619       18285
err              33         248         354         299         343         344         380         361         320         351         278
GET               0           0           0           0           0           0           0           0           0           0           0
MUL               0           0           0           0           0           0           0           0           0           0           0
SET            2088       10178       14781       16456       17980       18173       18032       18229       18204       18619       18285
EMPTY             0           0           0           0           0           0           0           0           0           0           0
-------------------------------------------------------------------------------------------------
w-o middleware 1 result worker: 64 
-------------------------------------------------------------------------------------------------
Clients           6          30          60          90         120         150         180         210         240         270         300
-------
TP             1018        5020        7541        8583        9832       10606       11724       11959       12411       12395       12334
err              30         203         373         305         466         624         547         612         575         545         464
QL             0.09        1.04        3.01        5.69        8.60       11.09       13.22       21.39       33.25       46.76       61.21
err            0.03        0.10        0.25        0.52        1.07        2.22        1.31        1.36        1.42        2.96        5.41
QWT            0.03        0.08        0.18        0.33        0.46        0.89        1.49        2.31        3.37        4.48        5.69
err            0.01        0.03        0.05        0.09        0.11        0.19        0.13        0.20        0.24        0.32        0.50
ST             2.21        2.23        2.99        3.90        4.51        4.87        5.00        5.08        5.07        5.07        5.13
err            0.07        0.08        0.14        0.14        0.18        0.19        0.19        0.22        0.22        0.19        0.18
MWT            2.28        2.35        3.21        4.27        5.02        5.81        6.54        7.44        8.47        9.60       10.86
err            0.08        0.09        0.16        0.19        0.25        0.32        0.31        0.40        0.43        0.44        0.58
REQ            1017        5020        7543        8585        9835       10610       11729       11966       12415       12400       12336
err              30         203         373         305         467         625         542         612         571         545         465
GET               0           0           0           0           0           0           0           0           0           0           0
MUL               0           0           0           0           0           0           0           0           0           0           0
SET            1017        5020        7543        8585        9835       10610       11729       11966       12415       12400       12336
EMPTY             0           0           0           0           0           0           0           0           0           0           0
-------------------------------------------------------------------------------------------------
w-o middleware 2 result worker: 64 
-------------------------------------------------------------------------------------------------
Clients           6          30          60          90         120         150         180         210         240         270         300
-------
TP             1076        5191        7161        8233        9248       10069       10822       11185       11415       11541       11691
err              34         266         283         248         302         372         448         568         559         328         461
QL             0.06        1.09        3.78        7.50       11.24       14.86       17.56       24.10       34.48       47.06       59.86
err            0.04        0.10        0.35        0.50        0.90        1.73        2.13        1.78        1.56        2.38        5.72
QWT            0.04        0.10        0.29        0.52        0.78        1.23        1.78        2.55        3.57        4.73        5.79
err            0.01        0.03        0.05        0.07        0.08        0.12        0.10        0.20        0.21        0.26        0.53
ST             2.07        2.10        2.94        3.83        4.55        4.87        5.14        5.25        5.36        5.39        5.34
err            0.07        0.08        0.11        0.14        0.17        0.18        0.17        0.22        0.18        0.14        0.17
MWT            2.15        2.24        3.29        4.41        5.39        6.16        6.98        7.86        8.98       10.17       11.19
err            0.08        0.10        0.12        0.14        0.18        0.19        0.21        0.40        0.38        0.38        0.61
REQ            1076        5191        7162        8235        9251       10072       10825       11188       11421       11544       11694
err              34         266         283         248         302         374         447         568         558         328         461
GET               0           0           0           0           0           0           0           0           0           0           0
MUL               0           0           0           0           0           0           0           0           0           0           0
SET            1076        5191        7162        8235        9251       10072       10825       11188       11421       11544       11694
EMPTY             0           0           0           0           0           0           0           0           0           0           0
-------------------------------------------------------------------------------------------------
w-o merged middleware result worker: 64 
-------------------------------------------------------------------------------------------------
Clients           6          30          60          90         120         150         180         210         240         270         300
-------
TP             2094       10211       14702       16816       19080       20675       22547       23145       23826       23937       24026
err              32         237         331         278         393         514         500         590         567         450         463
QL             0.08        1.07        3.40        6.59        9.92       12.97       15.39       22.74       33.86       46.91       60.53
err            0.04        0.10        0.31        0.51        0.99        1.99        1.77        1.58        1.49        2.69        5.56
QWT            0.04        0.09        0.24        0.42        0.62        1.06        1.63        2.43        3.47        4.61        5.74
err            0.01        0.03        0.05        0.08        0.10        0.16        0.12        0.20        0.23        0.29        0.51
ST             2.14        2.16        2.96        3.86        4.53        4.87        5.07        5.16        5.21        5.23        5.23
err            0.07        0.08        0.13        0.14        0.17        0.18        0.18        0.22        0.20        0.17        0.18
MWT            2.21        2.30        3.25        4.34        5.21        5.99        6.76        7.65        8.73        9.89       11.03
err            0.08        0.10        0.14        0.17        0.22        0.26        0.27        0.40        0.41        0.41        0.59
REQ            2094       10212       14706       16821       19086       20683       22555       23154       23837       23945       24030
err              32         237         331         278         393         515         497         590         565         450         463
GET               0           0           0           0           0           0           0           0           0           0           0
MUL               0           0           0           0           0           0           0           0           0           0           0
SET            2094       10212       14706       16821       19086       20683       22555       23154       23837       23945       24030
EMPTY             0           0           0           0           0           0           0           0           0           0           0
-------------------------------------------------------------------------------------------------
write-only memtier worker: 8
-------------------------------------------------------------------------------------------------
Service Time (ms) with errors
           6          30          60          90         120         150         180         210         240         270         300
        2.88        4.14        8.24       12.33       16.35       20.30       24.52       28.55       32.76       36.63       40.95
        0.10        0.13        0.23        0.34        0.50        0.62        0.91        0.84        1.21        1.00        1.43
Troughput (req/sec) with errors
           6          30          60          90         120         150         180         210         240         270         300
     2086.78     7265.91     7290.61     7310.68     7345.21     7396.94     7351.23     7363.44     7335.34     7375.87     7335.80
       11.94       38.61       33.64       32.73       36.74       36.95       44.93       36.97       44.19       34.89       49.02
-------------------------------------------------------------------------------------------------
write-only memtier worker: 16
-------------------------------------------------------------------------------------------------
Service Time (ms) with errors
           6          30          60          90         120         150         180         210         240         270         300
        2.90        2.92        4.31        6.41        8.56       10.64       12.88       15.07       16.99       19.23       21.40
        0.10        0.13        0.16        0.23        0.33        0.37        0.44        0.58        0.65        0.68        0.77
Troughput (req/sec) with errors
           6          30          60          90         120         150         180         210         240         270         300
     2074.42    10310.43    13955.08    14076.21    14053.27    14119.88    13998.58    13962.98    14147.99    14056.97    14038.83
       11.02       72.91       86.69       81.19       85.82       79.55       79.83       86.66       88.66       89.12       81.74
-------------------------------------------------------------------------------------------------
write-only memtier worker: 32
-------------------------------------------------------------------------------------------------
Service Time (ms) with errors
           6          30          60          90         120         150         180         210         240         270         300
        2.88        2.94        4.06        5.49        6.69        8.27       10.01       11.55       13.21       14.51       16.42
        0.09        0.11        0.18        0.22        0.26        0.31        0.45        0.48        0.47        0.61        0.52
Troughput (req/sec) with errors
           6          30          60          90         120         150         180         210         240         270         300
     2089.09    10226.59    14832.23    16452.07    17994.36    18194.82    18023.32    18224.11    18197.70    18648.43    18296.84
       10.87       64.18      110.06      107.07      117.03      112.67      134.12      125.50      108.64      133.12       98.83
-------------------------------------------------------------------------------------------------
write-only memtier worker: 64
-------------------------------------------------------------------------------------------------
Service Time (ms) with errors
           6          30          60          90         120         150         180         210         240         270         300
        2.88        2.94        4.09        5.37        6.30        7.29        8.02        9.09       10.11       11.29       12.49
        0.09        0.12        0.18        0.19        0.27        0.39        0.39        0.46        0.54        0.42        0.51
Troughput (req/sec) with errors
           6          30          60          90         120         150         180         210         240         270         300
     2092.15    10256.74    14726.91    16831.07    19135.77    20683.64    22535.24    23215.07    23862.77    23979.69    24078.05
       10.18       68.00      109.70      100.46      136.20      180.01      179.89      190.94      199.39      150.62      161.90
