-------------------------------------------------------------------------------------------------
read-only data
-------------------------------------------------------------------------------------------------
Service Time (ms) with errors
           6          24          48          72          96         120         144         168         192         240         288         336         384
        0.48        1.08        2.17        3.24        4.33        5.40        6.50        7.54        8.64       10.90       13.00       15.08       17.21
        0.10        0.12        0.19        0.22        0.34        0.31        0.45        0.16        0.41        0.99        0.79        0.13        0.13
Troughput (req/sec) with errors
           6          24          48          72          96         120         144         168         192         240         288         336         384
    12894.95    22283.26    22289.46    22297.20    22298.80    22296.03    22272.99    22285.04    22286.62    22255.17    22271.71    22275.04    22310.49
      374.03      403.24      328.76      246.86      284.99      202.44      256.54       80.11      168.08      343.05      227.60       31.76       27.62
