-------------------------------------------------------------------------------------------------
w-o middleware result worker: 8 
-------------------------------------------------------------------------------------------------
Clients           6          30          60          90         120         150         180         210         240         270         300
-------
TP             2095        3502        3490        3492        3211        3502        3515        3520        3446        3514        3492
err              61          87          86          88         434          85          90          80         173          92         126
QL             0.38       17.44       47.39       77.21      102.70      136.47      166.61      196.32      223.69      252.20      283.07
err            0.07        0.36        0.46        1.60        6.39        5.80        5.52        6.78       11.28       18.79       22.74
QWT            0.04        5.57       14.19       22.71       34.45       39.57       48.01       56.39       65.60       72.38       81.71
err            0.01        0.19        0.36        0.78       10.91        1.90        1.97        2.34        3.75        5.59        7.13
ST             2.15        2.27        2.27        2.27        2.67        2.27        2.26        2.25        2.31        2.26        2.27
err            0.07        0.06        0.06        0.07        1.06        0.06        0.06        0.06        0.14        0.07        0.10
MWT            2.22        7.86       16.48       25.00       37.14       41.85       50.29       58.67       67.92       74.66       84.00
err            0.07        0.24        0.42        0.83       11.84        1.93        2.01        2.37        3.83        5.61        7.16
REQ            2095        3502        3491        3493        3212        3503        3516        3520        3448        3515        3493
err              61          88          85          88         434          83          90          80         173          91         126
GET               0           0           0           0           0           0           0           0           0           0           0
MUL               0           0           0           0           0           0           0           0           0           0           0
SET            2095        3502        3491        3493        3212        3503        3516        3520        3448        3515        3493
EMPTY             0           0           0           0           0           0           0           0           0           0           0
-------------------------------------------------------------------------------------------------
w-o middleware result worker: 16 
-------------------------------------------------------------------------------------------------
Clients           6          30          60          90         120         150         180         210         240         270         300
-------
TP             2087        7076        7020        7010        7012        7015        7033        7021        6969        7025        6975
err              60         142         173         200         184         153         193         184         179         157         189
QL             0.44        6.29       35.57       65.54       94.66      124.73      154.57      184.34      213.96      244.00      273.51
err            0.07        0.17        0.24        0.27        5.04        4.82        6.01        6.78        8.36        8.52       11.60
QWT            0.04        1.32        5.54        9.83       13.98       18.27       22.46       26.75       31.19       35.22       39.71
err            0.01        0.04        0.15        0.29        0.79        0.78        1.07        1.08        1.39        1.29        1.87
ST             2.15        2.21        2.26        2.27        2.26        2.26        2.26        2.26        2.28        2.25        2.28
err            0.06        0.05        0.07        0.07        0.06        0.06        0.07        0.07        0.07        0.06        0.07
MWT            2.23        3.55        7.82       12.12       16.26       20.55       24.74       29.03       33.49       37.49       42.00
err            0.07        0.08        0.21        0.35        0.81        0.81        1.11        1.11        1.43        1.31        1.90
REQ            2087        7077        7021        7011        7012        7016        7034        7022        6971        7026        6976
err              60         141         173         200         184         153         192         184         177         157         189
GET               0           0           0           0           0           0           0           0           0           0           0
MUL               0           0           0           0           0           0           0           0           0           0           0
SET            2087        7077        7021        7011        7012        7016        7034        7022        6971        7026        6976
EMPTY             0           0           0           0           0           0           0           0           0           0           0
-------------------------------------------------------------------------------------------------
w-o middleware result worker: 32 
-------------------------------------------------------------------------------------------------
Clients           6          30          60          90         120         150         180         210         240         270         300
-------
TP             2086       10341       13806       13935       13987       13980       14026       14034       14043       13988       13992
err              70         435         470         374         326         372         322         319         326         663         562
QL             0.40        2.29       13.42       42.34       71.37      100.96      129.99      160.90      190.31      217.07      248.31
err            0.06        0.22        0.53        0.67        4.66        5.28        5.55        5.87        7.43       21.14       19.77
QWT            0.05        0.11        1.30        3.39        5.44        7.56        9.61       11.83       13.92       15.82       18.06
err            0.02        0.03        0.07        0.09        0.32        0.38        0.42        0.49        0.59        1.52        1.44
ST             2.15        2.10        2.26        2.27        2.27        2.27        2.26        2.26        2.25        2.26        2.26
err            0.07        0.06        0.09        0.07        0.06        0.07        0.06        0.06        0.06        0.07        0.06
MWT            2.23        2.23        3.58        5.68        7.73        9.85       11.89       14.11       16.20       18.09       20.34
err            0.06        0.08        0.14        0.15        0.33        0.39        0.44        0.52        0.61        1.53        1.43
REQ            2086       10343       13809       13937       13991       13983       14028       14036       14045       13990       13994
err              70         435         469         374         324         372         322         318         327         663         562
GET               0           0           0           0           0           0           0           0           0           0           0
MUL               0           0           0           0           0           0           0           0           0           0           0
SET            2086       10343       13809       13937       13991       13983       14028       14036       14045       13990       13994
EMPTY             0           0           0           0           0           0           0           0           0           0           0
-------------------------------------------------------------------------------------------------
w-o middleware result worker: 64 
-------------------------------------------------------------------------------------------------
Clients           6          30          60          90         120         150         180         210         240         270         300
-------
TP             2093       10329       14060       17010       20373       21067       21326       21518       21442       22341       22803
err              71         534         824        2259        1841        1645        1597        2811        1652        2028        1558
QL             0.39        2.37        8.38       13.52       32.20       56.70       83.14      103.91      133.25      165.14      193.34
err            0.07        0.23        1.28        2.73        2.20        5.33        7.38       12.17       12.61       20.72       10.83
QWT            0.04        0.12        0.36        0.86        1.60        2.71        4.05        6.32        6.55        7.77        8.85
err            0.01        0.04        0.07        0.25        0.17        0.36        0.64       17.15        0.92        1.25        0.90
ST             2.14        2.10        2.62        3.17        2.82        2.82        2.90        3.64        2.96        2.85        2.79
err            0.06        0.07        0.13        0.71        0.21        0.21        0.25        9.76        0.23        0.26        0.20
MWT            2.21        2.25        3.02        4.06        4.44        5.56        6.98        9.98        9.53       10.64       11.66
err            0.06        0.10        0.17        0.77        0.36        0.53        0.85       26.91        1.11        1.44        1.08
REQ            2094       10330       14064       17014       20378       21076       21333       21526       21462       22351       22811
err              71         534         824        2260        1838        1646        1596        2812        1652        2028        1554
GET               0           0           0           0           0           0           0           0           0           0           0
MUL               0           0           0           0           0           0           0           0           0           0           0
SET            2094       10330       14064       17014       20378       21076       21333       21526       21462       22351       22811
EMPTY             0           0           0           0           0           0           0           0           0           0           0
-------------------------------------------------------------------------------------------------
write-only memtier worker: 8
-------------------------------------------------------------------------------------------------
Service Time (ms) with errors
           6          30          60          90         120         150         180         210         240         270         300
        2.88        8.59       17.21       25.75       40.19       42.74       51.12       59.61       69.65       76.49       85.56
        0.11        0.23        0.46        0.77       17.89        1.14        1.53        1.44        4.64        4.62        3.86
Troughput (req/sec) with errors
           6          30          60          90         120         150         180         210         240         270         300
     2094.43     3502.66     3491.20     3497.74     3227.88     3510.28     3523.29     3523.05     3459.07     3548.14     3511.97
       24.84       30.80       29.49       36.78      138.24       32.14       39.24       29.48       71.20      113.61       59.33
-------------------------------------------------------------------------------------------------
write-only memtier worker: 16
-------------------------------------------------------------------------------------------------
Service Time (ms) with errors
           6          30          60          90         120         150         180         210         240         270         300
        2.88        4.25        8.55       12.85       17.09       21.37       25.57       29.85       34.35       38.32       42.93
        0.09        0.09        0.22        0.36        0.45        0.52        0.75        0.71        1.04        1.08        1.21
Troughput (req/sec) with errors
           6          30          60          90         120         150         180         210         240         270         300
     2088.63     7080.84     7029.26     7017.83     7029.48     7026.22     7046.64     7038.98     6992.13     7050.03     6992.05
       20.02       49.90       58.74       64.19       62.25       59.16       69.13       56.59       79.42       76.15       69.32
-------------------------------------------------------------------------------------------------
write-only memtier worker: 32
-------------------------------------------------------------------------------------------------
Service Time (ms) with errors
           6          30          60          90         120         150         180         210         240         270         300
        2.88        2.91        4.36        6.47        8.57       10.71       12.83       14.93       17.06       19.18       21.33
        0.11        0.12        0.17        0.19        0.19        0.27        0.32        0.43        0.43        0.52        0.59
Troughput (req/sec) with errors
           6          30          60          90         120         150         180         210         240         270         300
     2089.39    10355.82    13822.90    13946.33    14014.25    14026.29    14049.42    14078.84    14079.57    14093.93    14080.71
       23.75      143.00      161.82      126.97      105.17      111.63      116.20      152.22      119.33      143.75      142.63
-------------------------------------------------------------------------------------------------
write-only memtier worker: 64
-------------------------------------------------------------------------------------------------
Service Time (ms) with errors
           6          30          60          90         120         150         180         210         240         270         300
        2.88        2.90        4.29        5.54        5.92        7.15        8.49       10.04       11.25       12.08       13.23
        0.33        0.11        0.25        1.53        0.50        0.53        0.67        3.60        0.90        1.17        0.99
Troughput (req/sec) with errors
           6          30          60          90         120         150         180         210         240         270         300
     2096.68    10388.79    14074.15    17036.06    20486.26    21146.65    21376.11    21746.61    21488.81    22576.95    22835.35
       32.22      131.05      276.05      753.99      588.13      533.47      535.43      872.47      568.77      704.58      533.59
