-------------------------------------------------------------------------------------------------
w-o middleware 1 result worker: 16 
-------------------------------------------------------------------------------------------------
Clients           4          16          32          48          64          80          96         112         128
-------
TP              415        1778        3588        5397        7022        7446        7383        7407        7439
err              12          48          98         159         216         222         198         182         207
QL             0.02        0.92        2.04        2.19        2.95        6.25       13.02       20.42       28.38
err            0.04        0.10        0.24        0.14        0.20        0.38        0.90        0.64        0.77
QWT           47.26       67.38       94.05      151.76      249.04      985.34     2014.17     3090.26     4111.70
err           12.37       18.48       26.53       33.06       42.86       66.71       96.20      122.42      170.74
ST             2.25        2.09        2.05        2.01        2.02        2.08        2.14        2.14        2.13
err            0.09        0.07        0.09        0.06        0.07        0.07        0.07        0.06        0.07
MWT            2.32        2.18        2.16        2.18        2.28        3.09        4.17        5.25        6.27
err            0.09        0.08        0.10        0.08        0.11        0.12        0.16        0.18        0.23
REQ             415        1778        3588        5398        7023        7447        7384        7408        7439
err              12          48          98         159         216         222         197         182         207
GET               0           0           0           0           0           0           0           0           0
MUL               0           0           0           0           0           0           0           0           0
SET             415        1778        3588        5398        7023        7447        7384        7408        7439
EMPTY             0           0           0           0           0           0           0           0           0
-------------------------------------------------------------------------------------------------
w-o middleware 2 result worker: 16 
-------------------------------------------------------------------------------------------------
Clients           4          16          32          48          64          80          96         112         128
-------
TP              410        1694        3422        5122        6619        6768        6658        6697        6722
err              10          41          80         157         221         172         166         152         180
QL             0.08        1.25        2.60        2.65        3.71        8.50       15.85       23.27       31.27
err            0.04        0.17        0.33        0.20        0.24        0.55        1.04        0.82        0.98
QWT           65.68       86.81      101.67      146.73      249.57     1252.93     2463.40     3637.27     4790.11
err           23.04       18.42       28.58       25.08       46.22       71.28      108.58      133.26      200.51
ST             2.36        2.29        2.26        2.23        2.26        2.32        2.38        2.37        2.36
err            0.08        0.08        0.09        0.05        0.07        0.06        0.07        0.07        0.08
MWT            2.47        2.41        2.39        2.40        2.53        3.59        4.86        6.02        7.17
err            0.09        0.08        0.10        0.08        0.11        0.13        0.17        0.19        0.26
REQ             410        1694        3423        5124        6620        6769        6658        6698        6723
err              10          41          80         155         221         172         166         152         180
GET               0           0           0           0           0           0           0           0           0
MUL               0           0           0           0           0           0           0           0           0
SET             410        1694        3423        5124        6620        6769        6658        6698        6723
EMPTY             0           0           0           0           0           0           0           0           0
-------------------------------------------------------------------------------------------------
w-o merged middleware result worker: 16 
-------------------------------------------------------------------------------------------------
Clients           4          16          32          48          64          80          96         112         128
-------
TP              825        3472        7011       10519       13641       14215       14041       14105       14161
err              11          45          89         158         219         198         183         168         194
QL             0.05        1.08        2.32        2.42        3.33        7.38       14.43       21.85       29.83
err            0.04        0.14        0.28        0.17        0.22        0.47        0.97        0.73        0.88
QWT           56.47       77.09       97.86      149.24      249.31     1119.13     2238.78     3363.77     4450.90
err           18.49       18.45       27.58       29.34       44.57       69.03      102.58      127.95      186.22
ST             2.30        2.19        2.15        2.12        2.14        2.20        2.26        2.26        2.25
err            0.08        0.08        0.09        0.05        0.07        0.06        0.07        0.06        0.07
MWT            2.39        2.30        2.28        2.29        2.41        3.34        4.51        5.64        6.72
err            0.09        0.08        0.10        0.08        0.11        0.13        0.16        0.19        0.25
REQ             825        3472        7011       10522       13643       14217       14043       14106       14163
err              11          45          89         157         219         199         182         168         194
GET               0           0           0           0           0           0           0           0           0
MUL               0           0           0           0           0           0           0           0           0
SET             825        3472        7011       10522       13643       14217       14043       14106       14163
EMPTY             0           0           0           0           0           0           0           0           0
-------------------------------------------------------------------------------------------------
w-o middleware 1 result worker: 32 
-------------------------------------------------------------------------------------------------
Clients           4          16          32          48          64          80          96         112         128
-------
TP              413        1786        3607        5359        7140        8897       10580       11937       13376
err              10          42          92         173         209         244         371         471         458
QL             0.02        0.96        1.96        3.15        4.01        4.18        4.54        5.28        6.52
err            0.04        0.10        0.18        0.27        0.35        0.27        0.31        0.38        0.44
QWT           46.17       70.92       97.25      132.83      153.71      178.05      215.92      274.53      348.57
err           14.27       18.92       25.21       35.05       40.88       39.08       50.64       54.19       58.84
ST             2.24        2.07        2.03        2.03        2.01        2.01        2.03        2.06        2.09
err            0.08        0.07        0.06        0.07        0.06        0.07        0.06        0.07        0.08
MWT            2.31        2.17        2.15        2.18        2.19        2.21        2.26        2.35        2.45
err            0.09        0.07        0.07        0.09        0.09        0.10        0.12        0.12        0.12
REQ             413        1786        3608        5360        7141        8898       10582       11939       13378
err              10          42          92         173         209         244         371         471         456
GET               0           0           0           0           0           0           0           0           0
MUL               0           0           0           0           0           0           0           0           0
SET             413        1786        3608        5360        7141        8898       10582       11939       13378
EMPTY             0           0           0           0           0           0           0           0           0
-------------------------------------------------------------------------------------------------
w-o middleware 2 result worker: 32 
-------------------------------------------------------------------------------------------------
Clients           4          16          32          48          64          80          96         112         128
-------
TP              414        1699        3424        5121        6793        8478        9944       11176       12686
err               9          38          89          98         180         199         287         558         360
QL             0.06        1.29        2.54        3.92        4.72        4.59        4.73        5.60        7.18
err            0.05        0.17        0.31        0.41        0.44        0.29        0.28        0.40        0.36
QWT           59.52       94.16      109.85      132.66      138.97      155.82      190.38      254.72      330.87
err           19.61       19.85       24.68       22.96       26.93       27.26       37.56       47.67       56.86
ST             2.34        2.28        2.24        2.25        2.26        2.25        2.29        2.33        2.34
err            0.08        0.07        0.06        0.07        0.07        0.07        0.07        0.09        0.07
MWT            2.43        2.41        2.38        2.41        2.42        2.43        2.49        2.61        2.69
err            0.08        0.08        0.08        0.08        0.08        0.09        0.10        0.13        0.12
REQ             414        1699        3425        5122        6795        8479        9945       11178       12689
err               9          38          89          99         180         199         287         559         360
GET               0           0           0           0           0           0           0           0           0
MUL               0           0           0           0           0           0           0           0           0
SET             414        1699        3425        5122        6795        8479        9945       11178       12689
EMPTY             0           0           0           0           0           0           0           0           0
-------------------------------------------------------------------------------------------------
w-o merged middleware result worker: 32 
-------------------------------------------------------------------------------------------------
Clients           4          16          32          48          64          80          96         112         128
-------
TP              828        3485        7032       10481       13934       17375       20524       23113       26063
err               9          40          90         141         195         223         332         517         412
QL             0.04        1.13        2.25        3.54        4.36        4.38        4.63        5.44        6.85
err            0.04        0.14        0.25        0.35        0.40        0.28        0.29        0.39        0.41
QWT           52.84       82.54      103.55      132.75      146.34      166.94      203.15      264.62      339.72
err           17.15       19.39       24.95       29.63       34.61       33.69       44.58       51.04       57.86
ST             2.29        2.18        2.14        2.14        2.14        2.13        2.16        2.20        2.22
err            0.08        0.07        0.06        0.07        0.07        0.07        0.07        0.08        0.07
MWT            2.37        2.29        2.26        2.29        2.30        2.32        2.38        2.48        2.57
err            0.09        0.08        0.08        0.09        0.08        0.10        0.11        0.12        0.12
REQ             828        3485        7033       10482       13936       17377       20527       23117       26068
err               9          40          90         141         195         223         332         517         411
GET               0           0           0           0           0           0           0           0           0
MUL               0           0           0           0           0           0           0           0           0
SET             828        3485        7033       10482       13936       17377       20527       23117       26068
EMPTY             0           0           0           0           0           0           0           0           0
-------------------------------------------------------------------------------------------------
w-o middleware 1 result worker: 64 
-------------------------------------------------------------------------------------------------
Clients           4          16          32          48          64          80          96         112         128
-------
TP              420        1799        3563        5375        7107        8837       10479       12081       13481
err              14          41         277         141         205         224         264         428         628
QL             0.02        0.93        1.98        3.17        4.04        4.92        5.48        6.53        7.45
err            0.04        0.10        0.21        0.32        0.40        0.43        0.45        0.53        0.65
QWT           42.57       71.08      104.34      138.03      160.71      185.35      205.44      227.87      238.02
err           13.54       22.95       30.82       35.80       40.38       38.73       40.62       52.43       62.29
ST             2.23        2.05        2.10        2.02        2.03        2.03        2.05        2.07        2.13
err            0.09        0.08        0.42        0.06        0.09        0.07        0.06        0.08        0.12
MWT            2.29        2.14        2.23        2.18        2.21        2.23        2.27        2.31        2.39
err            0.10        0.09        0.44        0.08        0.11        0.09        0.09        0.11        0.15
REQ             420        1799        3563        5376        7108        8839       10480       12082       13483
err              14          41         278         141         205         225         264         428         628
GET               0           0           0           0           0           0           0           0           0
MUL               0           0           0           0           0           0           0           0           0
SET             420        1799        3563        5376        7108        8839       10480       12082       13483
EMPTY             0           0           0           0           0           0           0           0           0
-------------------------------------------------------------------------------------------------
w-o middleware 2 result worker: 64 
-------------------------------------------------------------------------------------------------
Clients           4          16          32          48          64          80          96         112         128
-------
TP              412        1704        3432        5124        6794        8405       10036       11570       12972
err               9          36          84         107         167         223         268         337         437
QL             0.08        1.31        2.59        3.82        4.67        5.45        6.15        6.92        7.73
err            0.04        0.17        0.27        0.37        0.50        0.51        0.52        0.59        0.70
QWT           65.29       98.38      114.29      137.51      147.39      158.95      166.83      178.08      189.21
err           19.92       24.56       27.38       30.32       29.47       31.95       35.06       36.10       45.60
ST             2.36        2.26        2.24        2.24        2.26        2.27        2.28        2.31        2.37
err            0.08        0.09        0.08        0.07        0.09        0.09        0.07        0.09        0.12
MWT            2.46        2.39        2.37        2.40        2.43        2.45        2.47        2.51        2.58
err            0.08        0.10        0.09        0.08        0.11        0.11        0.10        0.10        0.14
REQ             412        1704        3432        5124        6795        8405       10038       11572       12973
err               9          36          84         107         167         223         268         338         438
GET               0           0           0           0           0           0           0           0           0
MUL               0           0           0           0           0           0           0           0           0
SET             412        1704        3432        5124        6795        8405       10038       11572       12973
EMPTY             0           0           0           0           0           0           0           0           0
-------------------------------------------------------------------------------------------------
w-o merged middleware result worker: 64 
-------------------------------------------------------------------------------------------------
Clients           4          16          32          48          64          80          96         112         128
-------
TP              832        3504        6995       10499       13902       17243       20516       23651       26454
err              12          39         205         125         187         223         266         385         541
QL             0.05        1.12        2.29        3.50        4.36        5.19        5.82        6.72        7.59
err            0.04        0.14        0.24        0.35        0.45        0.47        0.49        0.56        0.67
QWT           53.93       84.73      109.32      137.77      154.05      172.15      186.13      202.98      213.61
err           17.03       23.77       29.15       33.17       35.35       35.50       37.94       45.01       54.59
ST             2.29        2.15        2.17        2.13        2.15        2.15        2.16        2.19        2.25
err            0.09        0.09        0.30        0.07        0.09        0.08        0.07        0.08        0.12
MWT            2.37        2.27        2.30        2.29        2.32        2.34        2.37        2.41        2.49
err            0.09        0.09        0.32        0.08        0.11        0.10        0.09        0.11        0.15
REQ             832        3504        6996       10501       13903       17245       20518       23655       26456
err              12          39         205         125         187         224         266         386         541
GET               0           0           0           0           0           0           0           0           0
MUL               0           0           0           0           0           0           0           0           0
SET             832        3504        6996       10501       13903       17245       20518       23655       26456
EMPTY             0           0           0           0           0           0           0           0           0
-------------------------------------------------------------------------------------------------
write-only memtier worker: 16
-------------------------------------------------------------------------------------------------
Service Time (ms) with errors
           4          16          32          48          64          80          96         112         128
        4.85        4.60        4.57        4.56        4.69        5.65        6.85        7.97        9.05
        0.15        0.11        0.14        0.12        0.13        0.14        0.18        0.20        0.24
Troughput (req/sec) with errors
           4          16          32          48          64          80          96         112         128
      822.39     3477.36     7011.80    10541.04    13668.78    14244.87    14053.27    14118.22    14175.92
        6.13       21.06       47.26       63.90       91.31       92.51       89.41       89.02       89.89
-------------------------------------------------------------------------------------------------
write-only memtier worker: 32
-------------------------------------------------------------------------------------------------
Service Time (ms) with errors
           4          16          32          48          64          80          96         112         128
        4.83        4.59        4.55        4.58        4.59        4.61        4.68        4.86        4.92
        0.12        0.13        0.10        0.10        0.11        0.12        0.14        0.23        0.17
Troughput (req/sec) with errors
           4          16          32          48          64          80          96         112         128
      824.25     3484.47     7047.86    10494.00    13960.92    17392.72    20575.69    23159.88    26074.27
        5.16       23.50       38.37       56.59       80.66      107.56      147.96      246.92      217.81
-------------------------------------------------------------------------------------------------
write-only memtier worker: 64
-------------------------------------------------------------------------------------------------
Service Time (ms) with errors
           4          16          32          48          64          80          96         112         128
        4.80        4.57        4.99        4.57        4.61        4.65        4.68        4.74        4.85
        0.15        0.12        3.69        0.11        0.12        0.13        0.13        0.16        0.22
Troughput (req/sec) with errors
           4          16          32          48          64          80          96         112         128
      829.53     3501.48     6909.02    10505.35    13905.19    17249.00    20532.37    23666.71    26465.17
        6.12       21.91      194.62       61.18       89.93      114.20      142.34      201.25      279.34
