-------------------------------------------------------------------------------------------------
r-o middleware result worker: 8 
-------------------------------------------------------------------------------------------------
Clients           2           8          16          24          32          40          48          56          64
-------
TP              458        1854        3666        3908        3915        3955        3943        3973        3933
err               8          35          90          79          79          69          74          63          67
QL             0.34        2.19        2.26        5.21       13.15       20.92       28.96       36.91       45.12
err            0.07        0.30        0.16        0.48        0.42        0.34        0.47        0.53        0.48
QWT           51.67       77.28      180.39     1878.16     3928.15     5890.00     7922.12     9843.33    12065.86
err           13.77       14.55       30.45       58.33       99.37      143.47      174.05      206.41      241.40
ST             2.00        2.00        1.97        2.02        2.02        2.00        2.01        2.00        2.02
err            0.05        0.06        0.05        0.05        0.05        0.04        0.04        0.03        0.04
MWT            2.07        2.09        2.16        3.91        5.97        7.92        9.95       11.86       14.10
err            0.05        0.05        0.06        0.10        0.13        0.18        0.21        0.24        0.28
REQ             458        1854        3666        3909        3915        3956        3944        3974        3934
err               8          35          90          77          79          69          72          63          67
GET             458        1854        3666        3909        3915        3956        3944        3974        3934
MUL               0           0           0           0           0           0           0           0           0
SET               0           0           0           0           0           0           0           0           0
EMPTY             0           0           0           0           0           0           0           0           0
-------------------------------------------------------------------------------------------------
r-o middleware result worker: 16 
-------------------------------------------------------------------------------------------------
Clients           2           8          16          24          32          40          48          56          64
-------
TP              453        1870        3713        5475        7194        7617        7692        7683        7676
err               8          34          83         129         177         141         147         163         133
QL             0.33        2.18        3.81        3.62        4.41        6.42       10.98       19.39       27.40
err            0.06        0.30        0.52        0.23        0.23        0.29        0.71        0.83        0.90
QWT           55.04       83.45      120.00      174.72      242.19      990.57     1910.44     2957.45     4007.06
err           17.82       10.84       21.02       27.76       36.22       40.84       60.92       84.00      108.39
ST             2.03        1.97        1.95        1.96        1.97        2.00        2.04        2.06        2.06
err            0.06        0.05        0.06        0.05        0.05        0.04        0.05        0.05        0.05
MWT            2.12        2.08        2.10        2.15        2.23        3.01        3.97        5.03        6.09
err            0.06        0.05        0.06        0.06        0.07        0.08        0.10        0.13        0.14
REQ             453        1870        3713        5475        7195        7619        7696        7684        7677
err               8          34          83         129         177         141         141         163         133
GET             453        1870        3713        5475        7195        7619        7696        7684        7677
MUL               0           0           0           0           0           0           0           0           0
SET               0           0           0           0           0           0           0           0           0
EMPTY             0           0           0           0           0           0           0           0           0
-------------------------------------------------------------------------------------------------
r-o middleware result worker: 32 
-------------------------------------------------------------------------------------------------
Clients           2           8          16          24          32          40          48          56          64
-------
TP              459        1879        3689        5533        7332        8997       10687       11125       11130
err               9          30          79         137         147         226         271          89          60
QL             0.26        2.06        3.73        5.30        5.93        6.01        6.48        8.13        9.83
err            0.06        0.26        0.42        0.57        0.54        0.42        0.38        0.35        0.40
QWT           49.12       85.47      128.33      166.81      184.76      215.46      241.16      448.02      805.17
err           17.66       12.24       21.73       24.58       27.57       36.40       37.53       31.33       46.31
ST             2.01        1.97        1.96        1.93        1.95        1.97        1.97        2.26        2.56
err            0.06        0.05        0.05        0.05        0.06        0.06        0.05        0.06        0.08
MWT            2.09        2.07        2.11        2.12        2.15        2.20        2.23        2.72        3.38
err            0.07        0.05        0.06        0.07        0.06        0.08        0.08        0.08        0.11
REQ             459        1879        3690        5534        7333        8999       10689       11127       11132
err               9          30          79         137         146         225         272          88          60
GET             459        1879        3690        5534        7333        8999       10689       11127       11132
MUL               0           0           0           0           0           0           0           0           0
SET               0           0           0           0           0           0           0           0           0
EMPTY             0           0           0           0           0           0           0           0           0
-------------------------------------------------------------------------------------------------
r-o middleware result worker: 64 
-------------------------------------------------------------------------------------------------
Clients           2           8          16          24          32          40          48          56          64
-------
TP              458        1876        3706        5510        7326        9060       10689       11134       11140
err              10          33          75         127         173         228         260         106          70
QL             0.28        2.12        3.67        5.03        5.75        7.04        8.45       11.43       14.69
err            0.06        0.24        0.48        0.47        0.56        0.63        0.68        1.03        0.94
QWT           47.60       91.59      130.19      173.82      189.38      217.85      255.30      351.11      405.30
err           12.71       15.69       22.67       29.23       29.74       32.92       39.54       40.95       41.93
ST             2.02        1.95        1.96        1.94        1.95        1.95        1.95        2.32        2.96
err            0.06        0.05        0.06        0.06        0.05        0.07        0.05        0.09        0.10
MWT            2.09        2.07        2.11        2.14        2.16        2.18        2.23        2.68        3.38
err            0.07        0.06        0.06        0.07        0.06        0.08        0.08        0.09        0.09
REQ             458        1876        3707        5510        7327        9062       10690       11135       11141
err              10          33          74         127         173         228         260         106          71
GET             458        1876        3707        5510        7327        9062       10690       11135       11141
MUL               0           0           0           0           0           0           0           0           0
SET               0           0           0           0           0           0           0           0           0
EMPTY             0           0           0           0           0           0           0           0           0
-------------------------------------------------------------------------------------------------
w-o middleware result worker: 8 
-------------------------------------------------------------------------------------------------
Clients           2           8          16          24          32          40          48          56          64
-------
TP              457        1877        3666        3900        3917        3913        3931        3955        3905
err              12          39          83          73          76          78          80          82          74
QL             0.31        1.99        2.20        5.35       13.27       21.03       29.00       36.70       45.22
err            0.07        0.30        0.14        0.50        0.46        0.40        0.46        0.47        0.57
QWT           49.43       72.94      182.56     1922.65     3910.42     5951.45     7981.04     9881.09    12143.92
err           15.04       17.89       28.32       63.27      101.54      152.00      197.15      232.70      255.81
ST             2.03        2.00        1.97        2.02        2.02        2.03        2.02        2.01        2.03
err            0.05        0.06        0.05        0.04        0.04        0.05        0.05        0.05        0.05
MWT            2.11        2.10        2.17        3.96        5.94        7.99       10.01       11.90       14.19
err            0.06        0.07        0.07        0.10        0.14        0.19        0.24        0.28        0.30
REQ             457        1877        3667        3900        3918        3914        3932        3955        3906
err              12          39          83          73          76          77          80          82          74
GET               0           0           0           0           0           0           0           0           0
MUL               0           0           0           0           0           0           0           0           0
SET             457        1877        3667        3900        3918        3914        3932        3955        3906
EMPTY             0           0           0           0           0           0           0           0           0
-------------------------------------------------------------------------------------------------
w-o middleware result worker: 16 
-------------------------------------------------------------------------------------------------
Clients           2           8          16          24          32          40          48          56          64
-------
TP              460        1877        3736        5493        7206        7645        7668        7736        7704
err               8          42          90         113         207         141         166         125         140
QL             0.32        1.99        3.55        3.53        4.45        6.18       11.27       18.95       27.12
err            0.06        0.27        0.45        0.23        0.29        0.38        0.67        0.73        0.78
QWT           54.24       79.86      113.54      171.12      235.97      991.14     1912.04     2924.03     3985.74
err           19.68       11.88       19.68       22.17       41.12       46.85       87.54       93.62      112.73
ST             2.04        1.97        1.97        1.96        1.99        2.00        2.05        2.04        2.05
err            0.06        0.05        0.06        0.05        0.06        0.04        0.06        0.05        0.05
MWT            2.11        2.07        2.10        2.15        2.24        3.01        3.98        4.98        6.06
err            0.06        0.06        0.06        0.06        0.09        0.09        0.13        0.13        0.15
REQ             460        1876        3736        5495        7207        7647        7669        7737        7705
err               8          42          90         113         207         140         165         125         140
GET               0           0           0           0           0           0           0           0           0
MUL               0           0           0           0           0           0           0           0           0
SET             460        1876        3736        5495        7207        7647        7669        7737        7705
EMPTY             0           0           0           0           0           0           0           0           0
-------------------------------------------------------------------------------------------------
w-o middleware result worker: 32 
-------------------------------------------------------------------------------------------------
Clients           2           8          16          24          32          40          48          56          64
-------
TP              465        1879        3745        5510        7269        9032       10617       12405       13651
err               9          36          73         132         164         263         289         333         490
QL             0.28        2.06        3.45        5.18        6.19        5.94        6.52        6.70        7.99
err            0.07        0.26        0.53        0.61        0.60        0.41        0.35        0.37        0.54
QWT           49.30       85.12      120.00      166.06      189.02      209.12      249.55      263.21      324.75
err           14.51       12.97       18.70       24.70       27.89       35.22       41.67       37.97       52.86
ST             2.01        1.96        1.95        1.96        1.96        1.97        1.99        1.99        2.01
err            0.06        0.06        0.05        0.06        0.06        0.07        0.07        0.06        0.05
MWT            2.09        2.07        2.09        2.14        2.16        2.20        2.25        2.27        2.35
err            0.06        0.06        0.05        0.07        0.07        0.09        0.10        0.08        0.09
REQ             465        1880        3745        5510        7270        9033       10619       12406       13653
err               9          35          73         132         164         263         289         333         489
GET               0           0           0           0           0           0           0           0           0
MUL               0           0           0           0           0           0           0           0           0
SET             465        1880        3745        5510        7270        9033       10619       12406       13653
EMPTY             0           0           0           0           0           0           0           0           0
-------------------------------------------------------------------------------------------------
w-o middleware result worker: 64 
-------------------------------------------------------------------------------------------------
Clients           2           8          16          24          32          40          48          56          64
-------
TP              463        1885        3693        5508        7311        9070       10591       12464       13888
err               9          38          74         175         163         214         290         345         512
QL             0.28        2.00        3.63        5.09        6.06        6.86        8.09        8.51        9.40
err            0.06        0.25        0.38        0.52        0.70        0.75        0.77        0.63        0.80
QWT           52.01       88.28      132.49      169.58      196.01      220.52      250.03      251.95      284.17
err           15.67       19.08       21.17       29.96       36.07       31.80       40.51       39.05       45.35
ST             2.03        1.96        1.97        1.95        1.95        1.96        1.99        1.98        2.01
err            0.06        0.06        0.05        0.06        0.05        0.06        0.07        0.07        0.07
MWT            2.10        2.07        2.12        2.14        2.16        2.20        2.25        2.25        2.32
err            0.06        0.06        0.06        0.07        0.07        0.07        0.09        0.09        0.10
REQ             463        1885        3693        5509        7311        9071       10593       12467       13891
err               9          38          74         175         163         214         289         346         511
GET               0           0           0           0           0           0           0           0           0
MUL               0           0           0           0           0           0           0           0           0
SET             463        1885        3693        5509        7311        9071       10593       12467       13891
EMPTY             0           0           0           0           0           0           0           0           0
-------------------------------------------------------------------------------------------------
read-only memtier worker: 8
-------------------------------------------------------------------------------------------------
Service Time (ms) with errors
           2           8          16          24          32          40          48          56          64
        4.36        4.31        4.36        6.14        8.17       10.11       12.17       14.09       16.27
        0.08        0.08        0.10        0.14        0.18        0.18        0.24        0.23        0.30
Troughput (req/sec) with errors
           2           8          16          24          32          40          48          56          64
      457.72     1853.63     3667.07     3909.17     3914.79     3956.67     3943.03     3972.89     3933.95
        8.63       32.62       83.82       79.43       82.78       67.69       75.37       64.34       70.21
-------------------------------------------------------------------------------------------------
read-only memtier worker: 16
-------------------------------------------------------------------------------------------------
Service Time (ms) with errors
           2           8          16          24          32          40          48          56          64
        4.40        4.28        4.31        4.38        4.45        5.25        6.24        7.29        8.34
        0.09        0.08        0.10        0.11        0.12        0.10        0.14        0.17        0.16
Troughput (req/sec) with errors
           2           8          16          24          32          40          48          56          64
      452.94     1869.14     3712.35     5475.12     7190.76     7617.33     7690.83     7679.35     7677.30
        8.70       34.41       81.78      129.41      183.01      144.80      163.89      168.55      148.36
-------------------------------------------------------------------------------------------------
read-only memtier worker: 32
-------------------------------------------------------------------------------------------------
Service Time (ms) with errors
           2           8          16          24          32          40          48          56          64
        4.34        4.25        4.33        4.33        4.36        4.45        4.49        5.03        5.75
        0.10        0.07        0.09        0.12        0.09        0.11        0.12        0.04        0.03
Troughput (req/sec) with errors
           2           8          16          24          32          40          48          56          64
      458.94     1878.82     3689.35     5536.23     7333.98     8993.81    10694.41    11125.16    11130.03
       10.56       30.61       77.77      140.94      149.39      216.57      271.81       87.95       72.85
-------------------------------------------------------------------------------------------------
read-only memtier worker: 64
-------------------------------------------------------------------------------------------------
Service Time (ms) with errors
           2           8          16          24          32          40          48          56          64
        4.36        4.26        4.31        4.35        4.37        4.41        4.49        5.03        5.74
        0.10        0.08        0.09        0.10        0.11        0.11        0.12        0.05        0.03
Troughput (req/sec) with errors
           2           8          16          24          32          40          48          56          64
      457.41     1875.27     3706.49     5511.90     7327.87     9067.43    10697.38    11133.31    11140.03
       10.58       33.25       74.39      120.99      188.26      225.37      274.35      120.05       65.76
-------------------------------------------------------------------------------------------------
write-only memtier worker: 8
-------------------------------------------------------------------------------------------------
Service Time (ms) with errors
           2           8          16          24          32          40          48          56          64
        4.38        4.26        4.36        6.15        8.17       10.22       12.22       14.16       16.39
        0.12        0.09        0.10        0.12        0.16        0.18        0.26        0.30        0.32
Troughput (req/sec) with errors
           2           8          16          24          32          40          48          56          64
      456.25     1877.53     3667.44     3900.20     3918.28     3915.12     3930.20     3954.80     3906.10
       12.25       36.83       85.56       72.85       71.98       68.45       81.37       83.25       75.34
-------------------------------------------------------------------------------------------------
write-only memtier worker: 16
-------------------------------------------------------------------------------------------------
Service Time (ms) with errors
           2           8          16          24          32          40          48          56          64
        4.34        4.26        4.28        4.37        4.44        5.23        6.26        7.24        8.31
        0.08        0.10        0.10        0.09        0.13        0.10        0.16        0.11        0.15
Troughput (req/sec) with errors
           2           8          16          24          32          40          48          56          64
      459.68     1876.77     3736.56     5495.93     7207.64     7647.63     7666.78     7735.63     7704.15
        8.81       44.48       86.61      109.20      208.42      138.21      180.75      116.96      134.60
-------------------------------------------------------------------------------------------------
write-only memtier worker: 32
-------------------------------------------------------------------------------------------------
Service Time (ms) with errors
           2           8          16          24          32          40          48          56          64
        4.29        4.26        4.27        4.36        4.40        4.43        4.52        4.52        4.69
        0.09        0.09        0.08        0.11        0.10        0.13        0.13        0.13        0.17
Troughput (req/sec) with errors
           2           8          16          24          32          40          48          56          64
      464.74     1878.20     3746.10     5510.41     7268.80     9031.75    10620.26    12404.17    13653.86
        9.92       36.98       73.41      128.88      153.32      253.29      289.17      334.02      477.33
-------------------------------------------------------------------------------------------------
write-only memtier worker: 64
-------------------------------------------------------------------------------------------------
Service Time (ms) with errors
           2           8          16          24          32          40          48          56          64
        4.31        4.24        4.33        4.36        4.38        4.41        4.53        4.50        4.61
        0.09        0.09        0.09        0.16        0.10        0.10        0.13        0.13        0.18
Troughput (req/sec) with errors
           2           8          16          24          32          40          48          56          64
      462.72     1884.06     3692.16     5508.17     7310.83     9067.45    10592.60    12463.30    13893.19
        9.68       37.12       76.60      175.83      160.95      211.31      299.46      353.99      500.20
